time,feet,centimeters,tide
2014-12-31 07:59:00 UTC,-0.2,-6,L
2014-12-31 13:31:00 UTC,3.5,107,H
2014-12-31 20:44:00 UTC,0.1,3,L
2015-01-01 01:54:00 UTC,3.1,94,H
2015-01-01 08:57:00 UTC,-0.2,-6,L
2015-01-01 14:32:00 UTC,3.5,107,H
2015-01-01 21:42:00 UTC,0.0,0,L
2015-01-02 02:52:00 UTC,3.1,94,H
2015-01-02 09:51:00 UTC,-0.2,-6,L
2015-01-02 15:26:00 UTC,3.6,110,H
2015-01-02 22:37:00 UTC,0.0,0,L
2015-01-03 03:45:00 UTC,3.1,94,H
2015-01-03 10:43:00 UTC,-0.3,-9,L
2015-01-03 16:15:00 UTC,3.6,110,H
2015-01-03 23:27:00 UTC,-0.1,-3,L
2015-01-04 04:33:00 UTC,3.1,94,H
2015-01-04 11:31:00 UTC,-0.3,-9,L
2015-01-04 17:01:00 UTC,3.6,110,H
2015-01-05 00:12:00 UTC,-0.1,-3,L
2015-01-05 05:18:00 UTC,3.1,94,H
2015-01-05 12:16:00 UTC,-0.2,-6,L
2015-01-05 17:43:00 UTC,3.6,110,H
2015-01-06 00:54:00 UTC,-0.1,-3,L
2015-01-06 06:00:00 UTC,3.1,94,H
2015-01-06 12:58:00 UTC,-0.2,-6,L
2015-01-06 18:23:00 UTC,3.5,107,H
2015-01-07 01:32:00 UTC,-0.1,-3,L
2015-01-07 06:41:00 UTC,3.0,91,H
2015-01-07 13:37:00 UTC,-0.1,-3,L
2015-01-07 19:00:00 UTC,3.4,104,H
2015-01-08 02:09:00 UTC,0.0,0,L
2015-01-08 07:20:00 UTC,3.0,91,H
2015-01-08 14:16:00 UTC,0.0,0,L
2015-01-08 19:37:00 UTC,3.3,101,H
2015-01-09 02:45:00 UTC,0.1,3,L
2015-01-09 07:59:00 UTC,2.9,88,H
2015-01-09 14:55:00 UTC,0.2,6,L
2015-01-09 20:14:00 UTC,3.2,98,H
2015-01-10 03:22:00 UTC,0.2,6,L
2015-01-10 08:37:00 UTC,2.9,88,H
2015-01-10 15:36:00 UTC,0.3,9,L
2015-01-10 20:51:00 UTC,3.1,94,H
2015-01-11 04:00:00 UTC,0.2,6,L
2015-01-11 09:18:00 UTC,2.9,88,H
2015-01-11 16:22:00 UTC,0.4,12,L
2015-01-11 21:31:00 UTC,2.9,88,H
2015-01-12 04:43:00 UTC,0.3,9,L
2015-01-12 10:02:00 UTC,2.8,85,H
2015-01-12 17:15:00 UTC,0.5,15,L
2015-01-12 22:15:00 UTC,2.8,85,H
2015-01-13 05:31:00 UTC,0.3,9,L
2015-01-13 10:50:00 UTC,2.9,88,H
2015-01-13 18:12:00 UTC,0.5,15,L
2015-01-13 23:04:00 UTC,2.8,85,H
2015-01-14 06:23:00 UTC,0.2,6,L
2015-01-14 11:45:00 UTC,2.9,88,H
2015-01-14 19:10:00 UTC,0.5,15,L
2015-01-15 00:00:00 UTC,2.7,82,H
2015-01-15 07:17:00 UTC,0.2,6,L
2015-01-15 12:46:00 UTC,3.0,91,H
2015-01-15 20:08:00 UTC,0.4,12,L
2015-01-16 01:01:00 UTC,2.7,82,H
2015-01-16 08:12:00 UTC,0.0,0,L
2015-01-16 13:48:00 UTC,3.2,98,H
2015-01-16 21:04:00 UTC,0.2,6,L
2015-01-17 02:01:00 UTC,2.8,85,H
2015-01-17 09:08:00 UTC,-0.1,-3,L
2015-01-17 14:46:00 UTC,3.4,104,H
2015-01-17 21:59:00 UTC,0.0,0,L
2015-01-18 02:59:00 UTC,3.0,91,H
2015-01-18 10:03:00 UTC,-0.3,-9,L
2015-01-18 15:40:00 UTC,3.6,110,H
2015-01-18 22:52:00 UTC,-0.2,-6,L
2015-01-19 03:53:00 UTC,3.1,94,H
2015-01-19 10:57:00 UTC,-0.5,-15,L
2015-01-19 16:32:00 UTC,3.7,113,H
2015-01-19 23:43:00 UTC,-0.4,-12,L
2015-01-20 04:45:00 UTC,3.3,101,H
2015-01-20 11:49:00 UTC,-0.7,-21,L
2015-01-20 17:22:00 UTC,3.9,119,H
2015-01-21 00:31:00 UTC,-0.6,-18,L
2015-01-21 05:37:00 UTC,3.4,104,H
2015-01-21 12:40:00 UTC,-0.8,-24,L
2015-01-21 18:12:00 UTC,3.9,119,H
2015-01-22 01:19:00 UTC,-0.7,-21,L
2015-01-22 06:29:00 UTC,3.5,107,H
2015-01-22 13:30:00 UTC,-0.8,-24,L
2015-01-22 19:02:00 UTC,3.9,119,H
2015-01-23 02:06:00 UTC,-0.7,-21,L
2015-01-23 07:21:00 UTC,3.6,110,H
2015-01-23 14:21:00 UTC,-0.7,-21,L
2015-01-23 19:52:00 UTC,3.8,116,H
2015-01-24 02:55:00 UTC,-0.7,-21,L
2015-01-24 08:14:00 UTC,3.6,110,H
2015-01-24 15:15:00 UTC,-0.5,-15,L
2015-01-24 20:43:00 UTC,3.7,113,H
2015-01-25 03:46:00 UTC,-0.6,-18,L
2015-01-25 09:08:00 UTC,3.5,107,H
2015-01-25 16:12:00 UTC,-0.3,-9,L
2015-01-25 21:35:00 UTC,3.5,107,H
2015-01-26 04:41:00 UTC,-0.4,-12,L
2015-01-26 10:04:00 UTC,3.4,104,H
2015-01-26 17:14:00 UTC,-0.1,-3,L
2015-01-26 22:29:00 UTC,3.2,98,H
2015-01-27 05:39:00 UTC,-0.3,-9,L
2015-01-27 11:02:00 UTC,3.4,104,H
2015-01-27 18:19:00 UTC,0.0,0,L
2015-01-27 23:27:00 UTC,3.1,94,H
2015-01-28 06:38:00 UTC,-0.2,-6,L
2015-01-28 12:05:00 UTC,3.3,101,H
2015-01-28 19:23:00 UTC,0.1,3,L
2015-01-29 00:29:00 UTC,2.9,88,H
2015-01-29 07:37:00 UTC,-0.2,-6,L
2015-01-29 13:09:00 UTC,3.3,101,H
2015-01-29 20:24:00 UTC,0.1,3,L
2015-01-30 01:32:00 UTC,2.9,88,H
2015-01-30 08:35:00 UTC,-0.1,-3,L
2015-01-30 14:10:00 UTC,3.3,101,H
2015-01-30 21:22:00 UTC,0.1,3,L
2015-01-31 02:30:00 UTC,2.9,88,H
2015-01-31 09:30:00 UTC,-0.1,-3,L
2015-01-31 15:05:00 UTC,3.3,101,H
2015-01-31 22:16:00 UTC,0.1,3,L
2015-02-01 03:23:00 UTC,2.9,88,H
2015-02-01 10:23:00 UTC,-0.1,-3,L
2015-02-01 15:54:00 UTC,3.4,104,H
2015-02-01 23:05:00 UTC,0.0,0,L
2015-02-02 04:11:00 UTC,3.0,91,H
2015-02-02 11:11:00 UTC,-0.2,-6,L
2015-02-02 16:38:00 UTC,3.4,104,H
2015-02-02 23:49:00 UTC,-0.1,-3,L
2015-02-03 04:55:00 UTC,3.0,91,H
2015-02-03 11:56:00 UTC,-0.2,-6,L
2015-02-03 17:18:00 UTC,3.4,104,H
2015-02-04 00:28:00 UTC,-0.1,-3,L
2015-02-04 05:36:00 UTC,3.0,91,H
2015-02-04 12:36:00 UTC,-0.2,-6,L
2015-02-04 17:56:00 UTC,3.4,104,H
2015-02-05 01:05:00 UTC,-0.1,-3,L
2015-02-05 06:15:00 UTC,3.1,94,H
2015-02-05 13:15:00 UTC,-0.1,-3,L
2015-02-05 18:33:00 UTC,3.3,101,H
2015-02-06 01:39:00 UTC,-0.1,-3,L
2015-02-06 06:52:00 UTC,3.0,91,H
2015-02-06 13:52:00 UTC,-0.1,-3,L
2015-02-06 19:08:00 UTC,3.2,98,H
2015-02-07 02:12:00 UTC,0.0,0,L
2015-02-07 07:29:00 UTC,3.0,91,H
2015-02-07 14:28:00 UTC,0.0,0,L
2015-02-07 19:43:00 UTC,3.1,94,H
2015-02-08 02:45:00 UTC,0.0,0,L
2015-02-08 08:05:00 UTC,3.0,91,H
2015-02-08 15:06:00 UTC,0.1,3,L
2015-02-08 20:19:00 UTC,3.0,91,H
2015-02-09 03:20:00 UTC,0.1,3,L
2015-02-09 08:42:00 UTC,3.0,91,H
2015-02-09 15:48:00 UTC,0.2,6,L
2015-02-09 20:57:00 UTC,2.9,88,H
2015-02-10 03:59:00 UTC,0.1,3,L
2015-02-10 09:23:00 UTC,2.9,88,H
2015-02-10 16:35:00 UTC,0.3,9,L
2015-02-10 21:38:00 UTC,2.8,85,H
2015-02-11 04:44:00 UTC,0.2,6,L
2015-02-11 10:08:00 UTC,2.9,88,H
2015-02-11 17:30:00 UTC,0.4,12,L
2015-02-11 22:25:00 UTC,2.8,85,H
2015-02-12 05:36:00 UTC,0.2,6,L
2015-02-12 11:00:00 UTC,2.9,88,H
2015-02-12 18:29:00 UTC,0.4,12,L
2015-02-12 23:19:00 UTC,2.7,82,H
2015-02-13 06:35:00 UTC,0.1,3,L
2015-02-13 12:02:00 UTC,3.0,91,H
2015-02-13 19:30:00 UTC,0.3,9,L
2015-02-14 00:20:00 UTC,2.7,82,H
2015-02-14 07:36:00 UTC,0.0,0,L
2015-02-14 13:09:00 UTC,3.1,94,H
2015-02-14 20:30:00 UTC,0.2,6,L
2015-02-15 01:26:00 UTC,2.8,85,H
2015-02-15 08:38:00 UTC,-0.1,-3,L
2015-02-15 14:15:00 UTC,3.3,101,H
2015-02-15 21:29:00 UTC,0.0,0,L
2015-02-16 02:30:00 UTC,3.0,91,H
2015-02-16 09:38:00 UTC,-0.3,-9,L
2015-02-16 15:14:00 UTC,3.5,107,H
2015-02-16 22:25:00 UTC,-0.2,-6,L
2015-02-17 03:29:00 UTC,3.2,98,H
2015-02-17 10:36:00 UTC,-0.5,-15,L
2015-02-17 16:09:00 UTC,3.7,113,H
2015-02-17 23:18:00 UTC,-0.5,-15,L
2015-02-18 04:25:00 UTC,3.4,104,H
2015-02-18 11:32:00 UTC,-0.7,-21,L
2015-02-18 17:02:00 UTC,3.9,119,H
2015-02-19 00:08:00 UTC,-0.7,-21,L
2015-02-19 05:18:00 UTC,3.6,110,H
2015-02-19 12:25:00 UTC,-0.8,-24,L
2015-02-19 17:53:00 UTC,3.9,119,H
2015-02-20 00:57:00 UTC,-0.8,-24,L
2015-02-20 06:11:00 UTC,3.8,116,H
2015-02-20 13:16:00 UTC,-0.8,-24,L
2015-02-20 18:43:00 UTC,3.9,119,H
2015-02-21 01:44:00 UTC,-0.8,-24,L
2015-02-21 07:04:00 UTC,3.8,116,H
2015-02-21 14:07:00 UTC,-0.8,-24,L
2015-02-21 19:33:00 UTC,3.8,116,H
2015-02-22 02:33:00 UTC,-0.8,-24,L
2015-02-22 07:56:00 UTC,3.8,116,H
2015-02-22 15:00:00 UTC,-0.6,-18,L
2015-02-22 20:23:00 UTC,3.6,110,H
2015-02-23 03:23:00 UTC,-0.6,-18,L
2015-02-23 08:48:00 UTC,3.7,113,H
2015-02-23 15:55:00 UTC,-0.4,-12,L
2015-02-23 21:14:00 UTC,3.4,104,H
2015-02-24 04:16:00 UTC,-0.4,-12,L
2015-02-24 09:42:00 UTC,3.6,110,H
2015-02-24 16:54:00 UTC,-0.1,-3,L
2015-02-24 22:07:00 UTC,3.2,98,H
2015-02-25 05:12:00 UTC,-0.2,-6,L
2015-02-25 10:38:00 UTC,3.4,104,H
2015-02-25 17:56:00 UTC,0.1,3,L
2015-02-25 23:03:00 UTC,3.0,91,H
2015-02-26 06:12:00 UTC,-0.1,-3,L
2015-02-26 11:38:00 UTC,3.2,98,H
2015-02-26 18:59:00 UTC,0.2,6,L
2015-02-27 00:03:00 UTC,2.9,88,H
2015-02-27 07:12:00 UTC,0.0,0,L
2015-02-27 12:40:00 UTC,3.1,94,H
2015-02-27 19:59:00 UTC,0.2,6,L
2015-02-28 01:05:00 UTC,2.8,85,H
2015-02-28 08:11:00 UTC,0.1,3,L
2015-02-28 13:42:00 UTC,3.1,94,H
2015-02-28 20:56:00 UTC,0.2,6,L
2015-03-01 02:04:00 UTC,2.8,85,H
2015-03-01 09:07:00 UTC,0.1,3,L
2015-03-01 14:37:00 UTC,3.2,98,H
2015-03-01 21:48:00 UTC,0.2,6,L
2015-03-02 02:57:00 UTC,2.9,88,H
2015-03-02 10:00:00 UTC,0.1,3,L
2015-03-02 15:26:00 UTC,3.2,98,H
2015-03-02 22:36:00 UTC,0.1,3,L
2015-03-03 03:45:00 UTC,3.0,91,H
2015-03-03 10:49:00 UTC,0.0,0,L
2015-03-03 16:09:00 UTC,3.3,101,H
2015-03-03 23:19:00 UTC,0.0,0,L
2015-03-04 04:28:00 UTC,3.1,94,H
2015-03-04 11:33:00 UTC,-0.1,-3,L
2015-03-04 16:50:00 UTC,3.3,101,H
2015-03-04 23:58:00 UTC,0.0,0,L
2015-03-05 05:09:00 UTC,3.2,98,H
2015-03-05 12:14:00 UTC,-0.1,-3,L
2015-03-05 17:28:00 UTC,3.3,101,H
2015-03-06 00:34:00 UTC,-0.1,-3,L
2015-03-06 05:47:00 UTC,3.2,98,H
2015-03-06 12:52:00 UTC,-0.1,-3,L
2015-03-06 18:04:00 UTC,3.3,101,H
2015-03-07 01:07:00 UTC,-0.1,-3,L
2015-03-07 06:24:00 UTC,3.2,98,H
2015-03-07 13:29:00 UTC,-0.1,-3,L
2015-03-07 18:40:00 UTC,3.2,98,H
2015-03-08 01:40:00 UTC,-0.1,-3,L
2015-03-08 07:00:00 UTC,3.2,98,H
2015-03-08 14:05:00 UTC,0.0,0,L
2015-03-08 19:16:00 UTC,3.1,94,H
2015-03-09 02:12:00 UTC,0.0,0,L
2015-03-09 07:36:00 UTC,3.2,98,H
2015-03-09 14:41:00 UTC,0.1,3,L
2015-03-09 19:51:00 UTC,3.0,91,H
2015-03-10 02:46:00 UTC,0.0,0,L
2015-03-10 08:12:00 UTC,3.2,98,H
2015-03-10 15:21:00 UTC,0.2,6,L
2015-03-10 20:29:00 UTC,3.0,91,H
2015-03-11 03:23:00 UTC,0.1,3,L
2015-03-11 08:51:00 UTC,3.1,94,H
2015-03-11 16:05:00 UTC,0.3,9,L
2015-03-11 21:10:00 UTC,2.9,88,H
2015-03-12 04:07:00 UTC,0.1,3,L
2015-03-12 09:35:00 UTC,3.1,94,H
2015-03-12 16:58:00 UTC,0.3,9,L
2015-03-12 21:55:00 UTC,2.8,85,H
2015-03-13 05:01:00 UTC,0.2,6,L
2015-03-13 10:26:00 UTC,3.1,94,H
2015-03-13 17:57:00 UTC,0.3,9,L
2015-03-13 22:49:00 UTC,2.8,85,H
2015-03-14 06:02:00 UTC,0.2,6,L
2015-03-14 11:27:00 UTC,3.1,94,H
2015-03-14 18:59:00 UTC,0.3,9,L
2015-03-14 23:50:00 UTC,2.8,85,H
2015-03-15 07:08:00 UTC,0.1,3,L
2015-03-15 12:36:00 UTC,3.2,98,H
2015-03-15 20:00:00 UTC,0.2,6,L
2015-03-16 00:59:00 UTC,3.0,91,H
2015-03-16 08:13:00 UTC,0.0,0,L
2015-03-16 13:45:00 UTC,3.3,101,H
2015-03-16 21:00:00 UTC,0.0,0,L
2015-03-17 02:06:00 UTC,3.2,98,H
2015-03-17 09:16:00 UTC,-0.2,-6,L
2015-03-17 14:49:00 UTC,3.5,107,H
2015-03-17 21:57:00 UTC,-0.2,-6,L
2015-03-18 03:08:00 UTC,3.4,104,H
2015-03-18 10:17:00 UTC,-0.4,-12,L
2015-03-18 15:46:00 UTC,3.7,113,H
2015-03-18 22:52:00 UTC,-0.5,-15,L
2015-03-19 04:05:00 UTC,3.7,113,H
2015-03-19 11:15:00 UTC,-0.6,-18,L
2015-03-19 16:40:00 UTC,3.8,116,H
2015-03-19 23:44:00 UTC,-0.7,-21,L
2015-03-20 05:00:00 UTC,3.9,119,H
2015-03-20 12:09:00 UTC,-0.7,-21,L
2015-03-20 17:32:00 UTC,3.9,119,H
2015-03-21 00:33:00 UTC,-0.8,-24,L
2015-03-21 05:52:00 UTC,4.0,122,H
2015-03-21 13:01:00 UTC,-0.8,-24,L
2015-03-21 18:22:00 UTC,3.8,116,H
2015-03-22 01:21:00 UTC,-0.8,-24,L
2015-03-22 06:44:00 UTC,4.0,122,H
2015-03-22 13:52:00 UTC,-0.7,-21,L
2015-03-22 19:13:00 UTC,3.7,113,H
2015-03-23 02:09:00 UTC,-0.7,-21,L
2015-03-23 07:36:00 UTC,4.0,122,H
2015-03-23 14:43:00 UTC,-0.5,-15,L
2015-03-23 20:03:00 UTC,3.6,110,H
2015-03-24 02:58:00 UTC,-0.5,-15,L
2015-03-24 08:27:00 UTC,3.8,116,H
2015-03-24 15:36:00 UTC,-0.3,-9,L
2015-03-24 20:53:00 UTC,3.4,104,H
2015-03-25 03:49:00 UTC,-0.3,-9,L
2015-03-25 09:18:00 UTC,3.6,110,H
2015-03-25 16:32:00 UTC,0.0,0,L
2015-03-25 21:44:00 UTC,3.2,98,H
2015-03-26 04:45:00 UTC,0.0,0,L
2015-03-26 10:11:00 UTC,3.4,104,H
2015-03-26 17:31:00 UTC,0.2,6,L
2015-03-26 22:37:00 UTC,3.0,91,H
2015-03-27 05:44:00 UTC,0.2,6,L
2015-03-27 11:06:00 UTC,3.2,98,H
2015-03-27 18:31:00 UTC,0.3,9,L
2015-03-27 23:34:00 UTC,2.9,88,H
2015-03-28 06:44:00 UTC,0.3,9,L
2015-03-28 12:05:00 UTC,3.1,94,H
2015-03-28 19:28:00 UTC,0.4,12,L
2015-03-29 00:33:00 UTC,2.8,85,H
2015-03-29 07:43:00 UTC,0.3,9,L
2015-03-29 13:04:00 UTC,3.1,94,H
2015-03-29 20:22:00 UTC,0.4,12,L
2015-03-30 01:32:00 UTC,2.9,88,H
2015-03-30 08:39:00 UTC,0.3,9,L
2015-03-30 13:59:00 UTC,3.1,94,H
2015-03-30 21:12:00 UTC,0.3,9,L
2015-03-31 02:26:00 UTC,3.0,91,H
2015-03-31 09:32:00 UTC,0.3,9,L
2015-03-31 14:49:00 UTC,3.1,94,H
2015-03-31 21:59:00 UTC,0.2,6,L
2015-04-01 03:14:00 UTC,3.1,94,H
2015-04-01 10:21:00 UTC,0.2,6,L
2015-04-01 15:34:00 UTC,3.2,98,H
2015-04-01 22:42:00 UTC,0.2,6,L
2015-04-02 03:58:00 UTC,3.2,98,H
2015-04-02 11:07:00 UTC,0.1,3,L
2015-04-02 16:16:00 UTC,3.2,98,H
2015-04-02 23:22:00 UTC,0.1,3,L
2015-04-03 04:39:00 UTC,3.3,101,H
2015-04-03 11:49:00 UTC,0.0,0,L
2015-04-03 16:56:00 UTC,3.2,98,H
2015-04-03 23:59:00 UTC,0.0,0,L
2015-04-04 05:18:00 UTC,3.4,104,H
2015-04-04 12:28:00 UTC,0.0,0,L
2015-04-04 17:34:00 UTC,3.2,98,H
2015-04-05 00:35:00 UTC,0.0,0,L
2015-04-05 05:56:00 UTC,3.5,107,H
2015-04-05 13:05:00 UTC,0.0,0,L
2015-04-05 18:12:00 UTC,3.2,98,H
2015-04-06 01:09:00 UTC,0.0,0,L
2015-04-06 06:33:00 UTC,3.5,107,H
2015-04-06 13:42:00 UTC,0.0,0,L
2015-04-06 18:49:00 UTC,3.1,94,H
2015-04-07 01:42:00 UTC,0.0,0,L
2015-04-07 07:10:00 UTC,3.4,104,H
2015-04-07 14:19:00 UTC,0.0,0,L
2015-04-07 19:27:00 UTC,3.1,94,H
2015-04-08 02:18:00 UTC,0.0,0,L
2015-04-08 07:47:00 UTC,3.4,104,H
2015-04-08 14:59:00 UTC,0.1,3,L
2015-04-08 20:06:00 UTC,3.0,91,H
2015-04-09 02:57:00 UTC,0.1,3,L
2015-04-09 08:28:00 UTC,3.4,104,H
2015-04-09 15:44:00 UTC,0.2,6,L
2015-04-09 20:49:00 UTC,3.0,91,H
2015-04-10 03:42:00 UTC,0.1,3,L
2015-04-10 09:13:00 UTC,3.3,101,H
2015-04-10 16:35:00 UTC,0.2,6,L
2015-04-10 21:36:00 UTC,2.9,88,H
2015-04-11 04:36:00 UTC,0.2,6,L
2015-04-11 10:04:00 UTC,3.3,101,H
2015-04-11 17:33:00 UTC,0.2,6,L
2015-04-11 22:29:00 UTC,3.0,91,H
2015-04-12 05:40:00 UTC,0.2,6,L
2015-04-12 11:03:00 UTC,3.3,101,H
2015-04-12 18:34:00 UTC,0.2,6,L
2015-04-12 23:31:00 UTC,3.0,91,H
2015-04-13 06:47:00 UTC,0.1,3,L
2015-04-13 12:10:00 UTC,3.3,101,H
2015-04-13 19:35:00 UTC,0.1,3,L
2015-04-14 00:38:00 UTC,3.1,94,H
2015-04-14 07:53:00 UTC,0.0,0,L
2015-04-14 13:19:00 UTC,3.4,104,H
2015-04-14 20:34:00 UTC,-0.1,-3,L
2015-04-15 01:46:00 UTC,3.4,104,H
2015-04-15 08:58:00 UTC,-0.1,-3,L
2015-04-15 14:23:00 UTC,3.5,107,H
2015-04-15 21:31:00 UTC,-0.3,-9,L
2015-04-16 02:48:00 UTC,3.6,110,H
2015-04-16 09:59:00 UTC,-0.3,-9,L
2015-04-16 15:22:00 UTC,3.6,110,H
2015-04-16 22:26:00 UTC,-0.5,-15,L
2015-04-17 03:46:00 UTC,3.8,116,H
2015-04-17 10:58:00 UTC,-0.4,-12,L
2015-04-17 16:17:00 UTC,3.7,113,H
2015-04-17 23:19:00 UTC,-0.6,-18,L
2015-04-18 04:41:00 UTC,4.0,122,H
2015-04-18 11:53:00 UTC,-0.6,-18,L
2015-04-18 17:09:00 UTC,3.7,113,H
2015-04-19 00:09:00 UTC,-0.7,-21,L
2015-04-19 05:33:00 UTC,4.1,125,H
2015-04-19 12:45:00 UTC,-0.6,-18,L
2015-04-19 18:01:00 UTC,3.7,113,H
2015-04-20 00:58:00 UTC,-0.7,-21,L
2015-04-20 06:25:00 UTC,4.1,125,H
2015-04-20 13:35:00 UTC,-0.5,-15,L
2015-04-20 18:51:00 UTC,3.6,110,H
2015-04-21 01:45:00 UTC,-0.5,-15,L
2015-04-21 07:15:00 UTC,4.0,122,H
2015-04-21 14:24:00 UTC,-0.4,-12,L
2015-04-21 19:41:00 UTC,3.4,104,H
2015-04-22 02:33:00 UTC,-0.3,-9,L
2015-04-22 08:04:00 UTC,3.8,116,H
2015-04-22 15:15:00 UTC,-0.2,-6,L
2015-04-22 20:30:00 UTC,3.3,101,H
2015-04-23 03:23:00 UTC,-0.1,-3,L
2015-04-23 08:53:00 UTC,3.6,110,H
2015-04-23 16:07:00 UTC,0.0,0,L
2015-04-23 21:20:00 UTC,3.1,94,H
2015-04-24 04:16:00 UTC,0.1,3,L
2015-04-24 09:42:00 UTC,3.4,104,H
2015-04-24 17:01:00 UTC,0.2,6,L
2015-04-24 22:10:00 UTC,3.0,91,H
2015-04-25 05:12:00 UTC,0.3,9,L
2015-04-25 10:32:00 UTC,3.2,98,H
2015-04-25 17:57:00 UTC,0.3,9,L
2015-04-25 23:02:00 UTC,2.9,88,H
2015-04-26 06:12:00 UTC,0.5,15,L
2015-04-26 11:24:00 UTC,3.1,94,H
2015-04-26 18:52:00 UTC,0.4,12,L
2015-04-26 23:57:00 UTC,2.9,88,H
2015-04-27 07:10:00 UTC,0.5,15,L
2015-04-27 12:18:00 UTC,3.0,91,H
2015-04-27 19:43:00 UTC,0.4,12,L
2015-04-28 00:53:00 UTC,2.9,88,H
2015-04-28 08:06:00 UTC,0.5,15,L
2015-04-28 13:12:00 UTC,3.0,91,H
2015-04-28 20:31:00 UTC,0.3,9,L
2015-04-29 01:47:00 UTC,3.0,91,H
2015-04-29 08:58:00 UTC,0.4,12,L
2015-04-29 14:04:00 UTC,3.0,91,H
2015-04-29 21:16:00 UTC,0.3,9,L
2015-04-30 02:37:00 UTC,3.2,98,H
2015-04-30 09:48:00 UTC,0.3,9,L
2015-04-30 14:52:00 UTC,3.0,91,H
2015-04-30 22:00:00 UTC,0.2,6,L
2015-05-01 03:23:00 UTC,3.3,101,H
2015-05-01 10:35:00 UTC,0.2,6,L
2015-05-01 15:37:00 UTC,3.1,94,H
2015-05-01 22:42:00 UTC,0.1,3,L
2015-05-02 04:06:00 UTC,3.4,104,H
2015-05-02 11:20:00 UTC,0.1,3,L
2015-05-02 16:21:00 UTC,3.1,94,H
2015-05-02 23:22:00 UTC,0.0,0,L
2015-05-03 04:48:00 UTC,3.5,107,H
2015-05-03 12:01:00 UTC,0.0,0,L
2015-05-03 17:02:00 UTC,3.1,94,H
2015-05-04 00:01:00 UTC,0.0,0,L
2015-05-04 05:28:00 UTC,3.6,110,H
2015-05-04 12:41:00 UTC,0.0,0,L
2015-05-04 17:43:00 UTC,3.1,94,H
2015-05-05 00:38:00 UTC,-0.1,-3,L
2015-05-05 06:07:00 UTC,3.6,110,H
2015-05-05 13:19:00 UTC,0.0,0,L
2015-05-05 18:24:00 UTC,3.1,94,H
2015-05-06 01:16:00 UTC,-0.1,-3,L
2015-05-06 06:47:00 UTC,3.6,110,H
2015-05-06 13:59:00 UTC,0.0,0,L
2015-05-06 19:05:00 UTC,3.1,94,H
2015-05-07 01:55:00 UTC,-0.1,-3,L
2015-05-07 07:28:00 UTC,3.6,110,H
2015-05-07 14:40:00 UTC,0.0,0,L
2015-05-07 19:48:00 UTC,3.0,91,H
2015-05-08 02:37:00 UTC,0.0,0,L
2015-05-08 08:12:00 UTC,3.5,107,H
2015-05-08 15:26:00 UTC,0.0,0,L
2015-05-08 20:34:00 UTC,3.0,91,H
2015-05-09 03:25:00 UTC,0.0,0,L
2015-05-09 08:59:00 UTC,3.5,107,H
2015-05-09 16:17:00 UTC,0.1,3,L
2015-05-09 21:23:00 UTC,3.0,91,H
2015-05-10 04:21:00 UTC,0.1,3,L
2015-05-10 09:50:00 UTC,3.4,104,H
2015-05-10 17:14:00 UTC,0.1,3,L
2015-05-10 22:18:00 UTC,3.1,94,H
2015-05-11 05:25:00 UTC,0.1,3,L
2015-05-11 10:47:00 UTC,3.4,104,H
2015-05-11 18:13:00 UTC,0.0,0,L
2015-05-11 23:18:00 UTC,3.2,98,H
2015-05-12 06:32:00 UTC,0.1,3,L
2015-05-12 11:50:00 UTC,3.3,101,H
2015-05-12 19:12:00 UTC,-0.1,-3,L
2015-05-13 00:23:00 UTC,3.3,101,H
2015-05-13 07:37:00 UTC,0.0,0,L
2015-05-13 12:55:00 UTC,3.3,101,H
2015-05-13 20:09:00 UTC,-0.2,-6,L
2015-05-14 01:29:00 UTC,3.5,107,H
2015-05-14 08:41:00 UTC,-0.1,-3,L
2015-05-14 13:59:00 UTC,3.4,104,H
2015-05-14 21:06:00 UTC,-0.4,-12,L
2015-05-15 02:31:00 UTC,3.7,113,H
2015-05-15 09:42:00 UTC,-0.2,-6,L
2015-05-15 14:58:00 UTC,3.4,104,H
2015-05-15 22:01:00 UTC,-0.5,-15,L
2015-05-16 03:28:00 UTC,3.9,119,H
2015-05-16 10:41:00 UTC,-0.3,-9,L
2015-05-16 15:54:00 UTC,3.5,107,H
2015-05-16 22:54:00 UTC,-0.6,-18,L
2015-05-17 04:22:00 UTC,4.0,122,H
2015-05-17 11:36:00 UTC,-0.4,-12,L
2015-05-17 16:47:00 UTC,3.5,107,H
2015-05-17 23:46:00 UTC,-0.6,-18,L
2015-05-18 05:14:00 UTC,4.0,122,H
2015-05-18 12:28:00 UTC,-0.4,-12,L
2015-05-18 17:39:00 UTC,3.4,104,H
2015-05-19 00:35:00 UTC,-0.5,-15,L
2015-05-19 06:05:00 UTC,4.0,122,H
2015-05-19 13:17:00 UTC,-0.4,-12,L
2015-05-19 18:29:00 UTC,3.3,101,H
2015-05-20 01:22:00 UTC,-0.4,-12,L
2015-05-20 06:53:00 UTC,3.9,119,H
2015-05-20 14:04:00 UTC,-0.3,-9,L
2015-05-20 19:19:00 UTC,3.2,98,H
2015-05-21 02:09:00 UTC,-0.2,-6,L
2015-05-21 07:41:00 UTC,3.7,113,H
2015-05-21 14:51:00 UTC,-0.1,-3,L
2015-05-21 20:06:00 UTC,3.1,94,H
2015-05-22 02:56:00 UTC,0.0,0,L
2015-05-22 08:26:00 UTC,3.5,107,H
2015-05-22 15:39:00 UTC,0.0,0,L
2015-05-22 20:53:00 UTC,3.0,91,H
2015-05-23 03:46:00 UTC,0.2,6,L
2015-05-23 09:11:00 UTC,3.3,101,H
2015-05-23 16:28:00 UTC,0.2,6,L
2015-05-23 21:40:00 UTC,2.9,88,H
2015-05-24 04:39:00 UTC,0.4,12,L
2015-05-24 09:55:00 UTC,3.2,98,H
2015-05-24 17:19:00 UTC,0.3,9,L
2015-05-24 22:28:00 UTC,2.9,88,H
2015-05-25 05:35:00 UTC,0.5,15,L
2015-05-25 10:41:00 UTC,3.0,91,H
2015-05-25 18:09:00 UTC,0.3,9,L
2015-05-25 23:18:00 UTC,2.9,88,H
2015-05-26 06:32:00 UTC,0.6,18,L
2015-05-26 11:30:00 UTC,2.9,88,H
2015-05-26 18:58:00 UTC,0.3,9,L
2015-05-27 00:11:00 UTC,2.9,88,H
2015-05-27 07:27:00 UTC,0.5,15,L
2015-05-27 12:22:00 UTC,2.9,88,H
2015-05-27 19:45:00 UTC,0.3,9,L
2015-05-28 01:04:00 UTC,3.0,91,H
2015-05-28 08:20:00 UTC,0.5,15,L
2015-05-28 13:15:00 UTC,2.9,88,H
2015-05-28 20:30:00 UTC,0.2,6,L
2015-05-29 01:56:00 UTC,3.1,94,H
2015-05-29 09:10:00 UTC,0.4,12,L
2015-05-29 14:07:00 UTC,2.9,88,H
2015-05-29 21:15:00 UTC,0.1,3,L
2015-05-30 02:45:00 UTC,3.3,101,H
2015-05-30 09:59:00 UTC,0.3,9,L
2015-05-30 14:56:00 UTC,2.9,88,H
2015-05-30 22:00:00 UTC,0.0,0,L
2015-05-31 03:31:00 UTC,3.4,104,H
2015-05-31 10:46:00 UTC,0.2,6,L
2015-05-31 15:43:00 UTC,3.0,91,H
2015-05-31 22:44:00 UTC,0.0,0,L
2015-06-01 04:16:00 UTC,3.5,107,H
2015-06-01 11:31:00 UTC,0.0,0,L
2015-06-01 16:29:00 UTC,3.0,91,H
2015-06-01 23:27:00 UTC,-0.1,-3,L
2015-06-02 04:59:00 UTC,3.6,110,H
2015-06-02 12:14:00 UTC,-0.1,-3,L
2015-06-02 17:14:00 UTC,3.0,91,H
2015-06-03 00:10:00 UTC,-0.2,-6,L
2015-06-03 05:43:00 UTC,3.6,110,H
2015-06-03 12:56:00 UTC,-0.1,-3,L
2015-06-03 17:58:00 UTC,3.1,94,H
2015-06-04 00:52:00 UTC,-0.2,-6,L
2015-06-04 06:27:00 UTC,3.7,113,H
2015-06-04 13:39:00 UTC,-0.2,-6,L
2015-06-04 18:44:00 UTC,3.1,94,H
2015-06-05 01:35:00 UTC,-0.2,-6,L
2015-06-05 07:12:00 UTC,3.7,113,H
2015-06-05 14:22:00 UTC,-0.2,-6,L
2015-06-05 19:32:00 UTC,3.1,94,H
2015-06-06 02:22:00 UTC,-0.2,-6,L
2015-06-06 07:58:00 UTC,3.6,110,H
2015-06-06 15:09:00 UTC,-0.2,-6,L
2015-06-06 20:21:00 UTC,3.1,94,H
2015-06-07 03:13:00 UTC,-0.1,-3,L
2015-06-07 08:47:00 UTC,3.6,110,H
2015-06-07 16:00:00 UTC,-0.2,-6,L
2015-06-07 21:13:00 UTC,3.1,94,H
2015-06-08 04:10:00 UTC,0.0,0,L
2015-06-08 09:39:00 UTC,3.5,107,H
2015-06-08 16:55:00 UTC,-0.2,-6,L
2015-06-08 22:08:00 UTC,3.2,98,H
2015-06-09 05:13:00 UTC,0.0,0,L
2015-06-09 10:33:00 UTC,3.4,104,H
2015-06-09 17:53:00 UTC,-0.2,-6,L
2015-06-09 23:07:00 UTC,3.3,101,H
2015-06-10 06:18:00 UTC,0.0,0,L
2015-06-10 11:32:00 UTC,3.3,101,H
2015-06-10 18:50:00 UTC,-0.3,-9,L
2015-06-11 00:09:00 UTC,3.4,104,H
2015-06-11 07:23:00 UTC,0.0,0,L
2015-06-11 12:34:00 UTC,3.2,98,H
2015-06-11 19:47:00 UTC,-0.4,-12,L
2015-06-12 01:12:00 UTC,3.5,107,H
2015-06-12 08:26:00 UTC,0.0,0,L
2015-06-12 13:36:00 UTC,3.2,98,H
2015-06-12 20:43:00 UTC,-0.4,-12,L
2015-06-13 02:14:00 UTC,3.7,113,H
2015-06-13 09:26:00 UTC,-0.1,-3,L
2015-06-13 14:36:00 UTC,3.2,98,H
2015-06-13 21:38:00 UTC,-0.5,-15,L
2015-06-14 03:11:00 UTC,3.8,116,H
2015-06-14 10:24:00 UTC,-0.2,-6,L
2015-06-14 15:33:00 UTC,3.2,98,H
2015-06-14 22:32:00 UTC,-0.5,-15,L
2015-06-15 04:05:00 UTC,3.8,116,H
2015-06-15 11:18:00 UTC,-0.3,-9,L
2015-06-15 16:26:00 UTC,3.2,98,H
2015-06-15 23:24:00 UTC,-0.5,-15,L
2015-06-16 04:56:00 UTC,3.9,119,H
2015-06-16 12:10:00 UTC,-0.3,-9,L
2015-06-16 17:17:00 UTC,3.2,98,H
2015-06-17 00:13:00 UTC,-0.4,-12,L
2015-06-17 05:44:00 UTC,3.8,116,H
2015-06-17 12:57:00 UTC,-0.3,-9,L
2015-06-17 18:07:00 UTC,3.1,94,H
2015-06-18 01:00:00 UTC,-0.3,-9,L
2015-06-18 06:31:00 UTC,3.7,113,H
2015-06-18 13:42:00 UTC,-0.2,-6,L
2015-06-18 18:54:00 UTC,3.0,91,H
2015-06-19 01:45:00 UTC,-0.2,-6,L
2015-06-19 07:15:00 UTC,3.6,110,H
2015-06-19 14:26:00 UTC,-0.1,-3,L
2015-06-19 19:40:00 UTC,3.0,91,H
2015-06-20 02:30:00 UTC,0.0,0,L
2015-06-20 07:57:00 UTC,3.4,104,H
2015-06-20 15:09:00 UTC,0.0,0,L
2015-06-20 20:25:00 UTC,2.9,88,H
2015-06-21 03:15:00 UTC,0.2,6,L
2015-06-21 08:38:00 UTC,3.2,98,H
2015-06-21 15:52:00 UTC,0.1,3,L
2015-06-21 21:08:00 UTC,2.9,88,H
2015-06-22 04:04:00 UTC,0.4,12,L
2015-06-22 09:19:00 UTC,3.1,94,H
2015-06-22 16:37:00 UTC,0.2,6,L
2015-06-22 21:52:00 UTC,2.8,85,H
2015-06-23 04:56:00 UTC,0.5,15,L
2015-06-23 10:01:00 UTC,3.0,91,H
2015-06-23 17:23:00 UTC,0.2,6,L
2015-06-23 22:38:00 UTC,2.9,88,H
2015-06-24 05:50:00 UTC,0.5,15,L
2015-06-24 10:45:00 UTC,2.9,88,H
2015-06-24 18:10:00 UTC,0.2,6,L
2015-06-24 23:27:00 UTC,2.9,88,H
2015-06-25 06:45:00 UTC,0.5,15,L
2015-06-25 11:34:00 UTC,2.8,85,H
2015-06-25 18:57:00 UTC,0.2,6,L
2015-06-26 00:18:00 UTC,3.0,91,H
2015-06-26 07:38:00 UTC,0.5,15,L
2015-06-26 12:26:00 UTC,2.8,85,H
2015-06-26 19:44:00 UTC,0.1,3,L
2015-06-27 01:12:00 UTC,3.1,94,H
2015-06-27 08:30:00 UTC,0.4,12,L
2015-06-27 13:20:00 UTC,2.8,85,H
2015-06-27 20:31:00 UTC,0.1,3,L
2015-06-28 02:05:00 UTC,3.2,98,H
2015-06-28 09:21:00 UTC,0.3,9,L
2015-06-28 14:14:00 UTC,2.8,85,H
2015-06-28 21:19:00 UTC,0.0,0,L
2015-06-29 02:55:00 UTC,3.4,104,H
2015-06-29 10:11:00 UTC,0.2,6,L
2015-06-29 15:05:00 UTC,2.9,88,H
2015-06-29 22:08:00 UTC,-0.1,-3,L
2015-06-30 03:44:00 UTC,3.5,107,H
2015-06-30 10:59:00 UTC,0.0,0,L
2015-06-30 15:55:00 UTC,3.0,91,H
2015-06-30 22:56:00 UTC,-0.2,-6,L
2015-07-01 04:31:00 UTC,3.6,110,H
2015-07-01 11:46:00 UTC,-0.1,-3,L
2015-07-01 16:44:00 UTC,3.0,91,H
2015-07-01 23:44:00 UTC,-0.3,-9,L
2015-07-02 05:18:00 UTC,3.7,113,H
2015-07-02 12:32:00 UTC,-0.2,-6,L
2015-07-02 17:34:00 UTC,3.1,94,H
2015-07-03 00:31:00 UTC,-0.4,-12,L
2015-07-03 06:06:00 UTC,3.8,116,H
2015-07-03 13:17:00 UTC,-0.3,-9,L
2015-07-03 18:24:00 UTC,3.2,98,H
2015-07-04 01:19:00 UTC,-0.4,-12,L
2015-07-04 06:55:00 UTC,3.8,116,H
2015-07-04 14:03:00 UTC,-0.4,-12,L
2015-07-04 19:15:00 UTC,3.2,98,H
2015-07-05 02:08:00 UTC,-0.4,-12,L
2015-07-05 07:44:00 UTC,3.7,113,H
2015-07-05 14:51:00 UTC,-0.4,-12,L
2015-07-05 20:07:00 UTC,3.3,101,H
2015-07-06 03:01:00 UTC,-0.3,-9,L
2015-07-06 08:34:00 UTC,3.6,110,H
2015-07-06 15:41:00 UTC,-0.4,-12,L
2015-07-06 21:01:00 UTC,3.3,101,H
2015-07-07 03:58:00 UTC,-0.2,-6,L
2015-07-07 09:25:00 UTC,3.5,107,H
2015-07-07 16:35:00 UTC,-0.4,-12,L
2015-07-07 21:56:00 UTC,3.4,104,H
2015-07-08 05:00:00 UTC,-0.1,-3,L
2015-07-08 10:18:00 UTC,3.4,104,H
2015-07-08 17:32:00 UTC,-0.4,-12,L
2015-07-08 22:53:00 UTC,3.4,104,H
2015-07-09 06:05:00 UTC,0.0,0,L
2015-07-09 11:15:00 UTC,3.3,101,H
2015-07-09 18:29:00 UTC,-0.4,-12,L
2015-07-09 23:54:00 UTC,3.5,107,H
2015-07-10 07:09:00 UTC,0.0,0,L
2015-07-10 12:15:00 UTC,3.2,98,H
2015-07-10 19:26:00 UTC,-0.4,-12,L
2015-07-11 00:56:00 UTC,3.5,107,H
2015-07-11 08:10:00 UTC,0.0,0,L
2015-07-11 13:16:00 UTC,3.1,94,H
2015-07-11 20:22:00 UTC,-0.4,-12,L
2015-07-12 01:57:00 UTC,3.6,110,H
2015-07-12 09:09:00 UTC,0.0,0,L
2015-07-12 14:16:00 UTC,3.1,94,H
2015-07-12 21:18:00 UTC,-0.4,-12,L
2015-07-13 02:54:00 UTC,3.7,113,H
2015-07-13 10:06:00 UTC,-0.1,-3,L
2015-07-13 15:13:00 UTC,3.1,94,H
2015-07-13 22:12:00 UTC,-0.3,-9,L
2015-07-14 03:47:00 UTC,3.7,113,H
2015-07-14 10:59:00 UTC,-0.1,-3,L
2015-07-14 16:06:00 UTC,3.1,94,H
2015-07-14 23:03:00 UTC,-0.3,-9,L
2015-07-15 04:36:00 UTC,3.7,113,H
2015-07-15 11:49:00 UTC,-0.1,-3,L
2015-07-15 16:56:00 UTC,3.1,94,H
2015-07-15 23:53:00 UTC,-0.3,-9,L
2015-07-16 05:23:00 UTC,3.6,110,H
2015-07-16 12:35:00 UTC,-0.1,-3,L
2015-07-16 17:43:00 UTC,3.0,91,H
2015-07-17 00:38:00 UTC,-0.2,-6,L
2015-07-17 06:06:00 UTC,3.6,110,H
2015-07-17 13:17:00 UTC,-0.1,-3,L
2015-07-17 18:28:00 UTC,3.0,91,H
2015-07-18 01:22:00 UTC,-0.1,-3,L
2015-07-18 06:47:00 UTC,3.5,107,H
2015-07-18 13:57:00 UTC,0.0,0,L
2015-07-18 19:11:00 UTC,3.0,91,H
2015-07-19 02:04:00 UTC,0.1,3,L
2015-07-19 07:27:00 UTC,3.3,101,H
2015-07-19 14:35:00 UTC,0.1,3,L
2015-07-19 19:53:00 UTC,3.0,91,H
2015-07-20 02:46:00 UTC,0.2,6,L
2015-07-20 08:05:00 UTC,3.2,98,H
2015-07-20 15:14:00 UTC,0.1,3,L
2015-07-20 20:34:00 UTC,2.9,88,H
2015-07-21 03:29:00 UTC,0.4,12,L
2015-07-21 08:43:00 UTC,3.1,94,H
2015-07-21 15:53:00 UTC,0.2,6,L
2015-07-21 21:15:00 UTC,2.9,88,H
2015-07-22 04:16:00 UTC,0.5,15,L
2015-07-22 09:23:00 UTC,3.0,91,H
2015-07-22 16:35:00 UTC,0.2,6,L
2015-07-22 21:58:00 UTC,2.9,88,H
2015-07-23 05:07:00 UTC,0.5,15,L
2015-07-23 10:05:00 UTC,2.9,88,H
2015-07-23 17:20:00 UTC,0.3,9,L
2015-07-23 22:43:00 UTC,3.0,91,H
2015-07-24 06:01:00 UTC,0.6,18,L
2015-07-24 10:50:00 UTC,2.8,85,H
2015-07-24 18:08:00 UTC,0.2,6,L
2015-07-24 23:33:00 UTC,3.0,91,H
2015-07-25 06:55:00 UTC,0.5,15,L
2015-07-25 11:41:00 UTC,2.8,85,H
2015-07-25 18:58:00 UTC,0.2,6,L
2015-07-26 00:27:00 UTC,3.1,94,H
2015-07-26 07:49:00 UTC,0.5,15,L
2015-07-26 12:36:00 UTC,2.8,85,H
2015-07-26 19:50:00 UTC,0.1,3,L
2015-07-27 01:23:00 UTC,3.2,98,H
2015-07-27 08:42:00 UTC,0.4,12,L
2015-07-27 13:33:00 UTC,2.8,85,H
2015-07-27 20:42:00 UTC,0.0,0,L
2015-07-28 02:19:00 UTC,3.4,104,H
2015-07-28 09:35:00 UTC,0.2,6,L
2015-07-28 14:30:00 UTC,2.9,88,H
2015-07-28 21:35:00 UTC,-0.1,-3,L
2015-07-29 03:13:00 UTC,3.5,107,H
2015-07-29 10:27:00 UTC,0.1,3,L
2015-07-29 15:24:00 UTC,3.1,94,H
2015-07-29 22:28:00 UTC,-0.2,-6,L
2015-07-30 04:04:00 UTC,3.7,113,H
2015-07-30 11:17:00 UTC,-0.1,-3,L
2015-07-30 16:17:00 UTC,3.2,98,H
2015-07-30 23:21:00 UTC,-0.4,-12,L
2015-07-31 04:54:00 UTC,3.8,116,H
2015-07-31 12:06:00 UTC,-0.3,-9,L
2015-07-31 17:10:00 UTC,3.3,101,H
2015-08-01 00:12:00 UTC,-0.5,-15,L
2015-08-01 05:45:00 UTC,3.9,119,H
2015-08-01 12:54:00 UTC,-0.4,-12,L
2015-08-01 18:03:00 UTC,3.5,107,H
2015-08-02 01:03:00 UTC,-0.5,-15,L
2015-08-02 06:35:00 UTC,3.9,119,H
2015-08-02 13:41:00 UTC,-0.5,-15,L
2015-08-02 18:56:00 UTC,3.6,110,H
2015-08-03 01:55:00 UTC,-0.5,-15,L
2015-08-03 07:26:00 UTC,3.9,119,H
2015-08-03 14:29:00 UTC,-0.5,-15,L
2015-08-03 19:50:00 UTC,3.6,110,H
2015-08-04 02:48:00 UTC,-0.4,-12,L
2015-08-04 08:17:00 UTC,3.8,116,H
2015-08-04 15:20:00 UTC,-0.5,-15,L
2015-08-04 20:44:00 UTC,3.7,113,H
2015-08-05 03:45:00 UTC,-0.2,-6,L
2015-08-05 09:08:00 UTC,3.6,110,H
2015-08-05 16:13:00 UTC,-0.4,-12,L
2015-08-05 21:39:00 UTC,3.7,113,H
2015-08-06 04:45:00 UTC,0.0,0,L
2015-08-06 10:01:00 UTC,3.5,107,H
2015-08-06 17:10:00 UTC,-0.3,-9,L
2015-08-06 22:36:00 UTC,3.6,110,H
2015-08-07 05:49:00 UTC,0.1,3,L
2015-08-07 10:57:00 UTC,3.3,101,H
2015-08-07 18:08:00 UTC,-0.3,-9,L
2015-08-07 23:36:00 UTC,3.6,110,H
2015-08-08 06:52:00 UTC,0.2,6,L
2015-08-08 11:56:00 UTC,3.2,98,H
2015-08-08 19:06:00 UTC,-0.2,-6,L
2015-08-09 00:37:00 UTC,3.6,110,H
2015-08-09 07:53:00 UTC,0.2,6,L
2015-08-09 12:57:00 UTC,3.1,94,H
2015-08-09 20:03:00 UTC,-0.1,-3,L
2015-08-10 01:38:00 UTC,3.6,110,H
2015-08-10 08:51:00 UTC,0.2,6,L
2015-08-10 13:57:00 UTC,3.1,94,H
2015-08-10 20:59:00 UTC,-0.1,-3,L
2015-08-11 02:35:00 UTC,3.6,110,H
2015-08-11 09:46:00 UTC,0.2,6,L
2015-08-11 14:53:00 UTC,3.1,94,H
2015-08-11 21:53:00 UTC,-0.1,-3,L
2015-08-12 03:27:00 UTC,3.6,110,H
2015-08-12 10:38:00 UTC,0.1,3,L
2015-08-12 15:45:00 UTC,3.1,94,H
2015-08-12 22:44:00 UTC,0.0,0,L
2015-08-13 04:14:00 UTC,3.6,110,H
2015-08-13 11:25:00 UTC,0.1,3,L
2015-08-13 16:33:00 UTC,3.2,98,H
2015-08-13 23:32:00 UTC,0.0,0,L
2015-08-14 04:58:00 UTC,3.6,110,H
2015-08-14 12:09:00 UTC,0.1,3,L
2015-08-14 17:18:00 UTC,3.2,98,H
2015-08-15 00:17:00 UTC,0.0,0,L
2015-08-15 05:39:00 UTC,3.5,107,H
2015-08-15 12:48:00 UTC,0.1,3,L
2015-08-15 18:00:00 UTC,3.2,98,H
2015-08-16 00:59:00 UTC,0.1,3,L
2015-08-16 06:17:00 UTC,3.5,107,H
2015-08-16 13:25:00 UTC,0.1,3,L
2015-08-16 18:41:00 UTC,3.2,98,H
2015-08-17 01:39:00 UTC,0.2,6,L
2015-08-17 06:55:00 UTC,3.4,104,H
2015-08-17 14:01:00 UTC,0.2,6,L
2015-08-17 19:20:00 UTC,3.2,98,H
2015-08-18 02:18:00 UTC,0.3,9,L
2015-08-18 07:32:00 UTC,3.3,101,H
2015-08-18 14:35:00 UTC,0.2,6,L
2015-08-18 19:59:00 UTC,3.2,98,H
2015-08-19 02:58:00 UTC,0.4,12,L
2015-08-19 08:09:00 UTC,3.2,98,H
2015-08-19 15:11:00 UTC,0.3,9,L
2015-08-19 20:38:00 UTC,3.1,94,H
2015-08-20 03:40:00 UTC,0.5,15,L
2015-08-20 08:48:00 UTC,3.1,94,H
2015-08-20 15:49:00 UTC,0.3,9,L
2015-08-20 21:18:00 UTC,3.1,94,H
2015-08-21 04:27:00 UTC,0.6,18,L
2015-08-21 09:28:00 UTC,3.0,91,H
2015-08-21 16:33:00 UTC,0.4,12,L
2015-08-21 22:02:00 UTC,3.2,98,H
2015-08-22 05:19:00 UTC,0.7,21,L
2015-08-22 10:13:00 UTC,3.0,91,H
2015-08-22 17:22:00 UTC,0.4,12,L
2015-08-22 22:50:00 UTC,3.2,98,H
2015-08-23 06:14:00 UTC,0.7,21,L
2015-08-23 11:02:00 UTC,2.9,88,H
2015-08-23 18:16:00 UTC,0.3,9,L
2015-08-23 23:44:00 UTC,3.2,98,H
2015-08-24 07:11:00 UTC,0.6,18,L
2015-08-24 11:57:00 UTC,2.9,88,H
2015-08-24 19:12:00 UTC,0.3,9,L
2015-08-25 00:44:00 UTC,3.3,101,H
2015-08-25 08:07:00 UTC,0.5,15,L
2015-08-25 12:57:00 UTC,3.0,91,H
2015-08-25 20:10:00 UTC,0.2,6,L
2015-08-26 01:45:00 UTC,3.5,107,H
2015-08-26 09:02:00 UTC,0.3,9,L
2015-08-26 13:58:00 UTC,3.1,94,H
2015-08-26 21:07:00 UTC,0.0,0,L
2015-08-27 02:43:00 UTC,3.7,113,H
2015-08-27 09:56:00 UTC,0.1,3,L
2015-08-27 14:57:00 UTC,3.3,101,H
2015-08-27 22:05:00 UTC,-0.1,-3,L
2015-08-28 03:38:00 UTC,3.8,116,H
2015-08-28 10:49:00 UTC,-0.1,-3,L
2015-08-28 15:53:00 UTC,3.5,107,H
2015-08-28 23:01:00 UTC,-0.3,-9,L
2015-08-29 04:30:00 UTC,4.0,122,H
2015-08-29 11:40:00 UTC,-0.3,-9,L
2015-08-29 16:48:00 UTC,3.7,113,H
2015-08-29 23:55:00 UTC,-0.4,-12,L
2015-08-30 05:22:00 UTC,4.1,125,H
2015-08-30 12:29:00 UTC,-0.4,-12,L
2015-08-30 17:42:00 UTC,3.9,119,H
2015-08-31 00:48:00 UTC,-0.5,-15,L
2015-08-31 06:13:00 UTC,4.1,125,H
2015-08-31 13:17:00 UTC,-0.5,-15,L
2015-08-31 18:36:00 UTC,4.0,122,H
2015-09-01 01:40:00 UTC,-0.4,-12,L
2015-09-01 07:05:00 UTC,4.0,122,H
2015-09-01 14:06:00 UTC,-0.5,-15,L
2015-09-01 19:30:00 UTC,4.0,122,H
2015-09-02 02:33:00 UTC,-0.3,-9,L
2015-09-02 07:57:00 UTC,3.9,119,H
2015-09-02 14:56:00 UTC,-0.4,-12,L
2015-09-02 20:25:00 UTC,4.0,122,H
2015-09-03 03:28:00 UTC,-0.1,-3,L
2015-09-03 08:49:00 UTC,3.7,113,H
2015-09-03 15:49:00 UTC,-0.3,-9,L
2015-09-03 21:20:00 UTC,3.9,119,H
2015-09-04 04:27:00 UTC,0.1,3,L
2015-09-04 09:42:00 UTC,3.6,110,H
2015-09-04 16:46:00 UTC,-0.1,-3,L
2015-09-04 22:16:00 UTC,3.8,116,H
2015-09-05 05:30:00 UTC,0.2,6,L
2015-09-05 10:38:00 UTC,3.4,104,H
2015-09-05 17:45:00 UTC,0.0,0,L
2015-09-05 23:14:00 UTC,3.7,113,H
2015-09-06 06:32:00 UTC,0.4,12,L
2015-09-06 11:36:00 UTC,3.3,101,H
2015-09-06 18:45:00 UTC,0.1,3,L
2015-09-07 00:14:00 UTC,3.6,110,H
2015-09-07 07:33:00 UTC,0.4,12,L
2015-09-07 12:36:00 UTC,3.2,98,H
2015-09-07 19:44:00 UTC,0.2,6,L
2015-09-08 01:14:00 UTC,3.6,110,H
2015-09-08 08:29:00 UTC,0.4,12,L
2015-09-08 13:36:00 UTC,3.2,98,H
2015-09-08 20:40:00 UTC,0.2,6,L
2015-09-09 02:11:00 UTC,3.6,110,H
2015-09-09 09:22:00 UTC,0.4,12,L
2015-09-09 14:32:00 UTC,3.2,98,H
2015-09-09 21:33:00 UTC,0.3,9,L
2015-09-10 03:01:00 UTC,3.6,110,H
2015-09-10 10:12:00 UTC,0.4,12,L
2015-09-10 15:22:00 UTC,3.3,101,H
2015-09-10 22:24:00 UTC,0.2,6,L
2015-09-11 03:47:00 UTC,3.6,110,H
2015-09-11 10:57:00 UTC,0.3,9,L
2015-09-11 16:08:00 UTC,3.4,104,H
2015-09-11 23:11:00 UTC,0.2,6,L
2015-09-12 04:29:00 UTC,3.6,110,H
2015-09-12 11:38:00 UTC,0.3,9,L
2015-09-12 16:50:00 UTC,3.4,104,H
2015-09-12 23:55:00 UTC,0.2,6,L
2015-09-13 05:08:00 UTC,3.6,110,H
2015-09-13 12:17:00 UTC,0.2,6,L
2015-09-13 17:31:00 UTC,3.5,107,H
2015-09-14 00:36:00 UTC,0.3,9,L
2015-09-14 05:46:00 UTC,3.5,107,H
2015-09-14 12:52:00 UTC,0.2,6,L
2015-09-14 18:10:00 UTC,3.5,107,H
2015-09-15 01:14:00 UTC,0.3,9,L
2015-09-15 06:24:00 UTC,3.5,107,H
2015-09-15 13:26:00 UTC,0.3,9,L
2015-09-15 18:48:00 UTC,3.5,107,H
2015-09-16 01:52:00 UTC,0.4,12,L
2015-09-16 07:01:00 UTC,3.4,104,H
2015-09-16 14:00:00 UTC,0.3,9,L
2015-09-16 19:25:00 UTC,3.4,104,H
2015-09-17 02:29:00 UTC,0.5,15,L
2015-09-17 07:38:00 UTC,3.3,101,H
2015-09-17 14:34:00 UTC,0.4,12,L
2015-09-17 20:03:00 UTC,3.4,104,H
2015-09-18 03:09:00 UTC,0.6,18,L
2015-09-18 08:16:00 UTC,3.2,98,H
2015-09-18 15:10:00 UTC,0.4,12,L
2015-09-18 20:43:00 UTC,3.4,104,H
2015-09-19 03:52:00 UTC,0.7,21,L
2015-09-19 08:56:00 UTC,3.1,94,H
2015-09-19 15:52:00 UTC,0.5,15,L
2015-09-19 21:25:00 UTC,3.4,104,H
2015-09-20 04:42:00 UTC,0.7,21,L
2015-09-20 09:40:00 UTC,3.1,94,H
2015-09-20 16:41:00 UTC,0.5,15,L
2015-09-20 22:13:00 UTC,3.4,104,H
2015-09-21 05:38:00 UTC,0.7,21,L
2015-09-21 10:30:00 UTC,3.1,94,H
2015-09-21 17:39:00 UTC,0.5,15,L
2015-09-21 23:08:00 UTC,3.4,104,H
2015-09-22 06:36:00 UTC,0.7,21,L
2015-09-22 11:26:00 UTC,3.1,94,H
2015-09-22 18:41:00 UTC,0.4,12,L
2015-09-23 00:09:00 UTC,3.5,107,H
2015-09-23 07:34:00 UTC,0.5,15,L
2015-09-23 12:28:00 UTC,3.2,98,H
2015-09-23 19:43:00 UTC,0.3,9,L
2015-09-24 01:13:00 UTC,3.6,110,H
2015-09-24 08:31:00 UTC,0.4,12,L
2015-09-24 13:32:00 UTC,3.4,104,H
2015-09-24 20:44:00 UTC,0.2,6,L
2015-09-25 02:15:00 UTC,3.8,116,H
2015-09-25 09:27:00 UTC,0.2,6,L
2015-09-25 14:34:00 UTC,3.6,110,H
2015-09-25 21:44:00 UTC,0.0,0,L
2015-09-26 03:12:00 UTC,3.9,119,H
2015-09-26 10:21:00 UTC,0.0,0,L
2015-09-26 15:32:00 UTC,3.9,119,H
2015-09-26 22:43:00 UTC,-0.2,-6,L
2015-09-27 04:06:00 UTC,4.1,125,H
2015-09-27 11:14:00 UTC,-0.3,-9,L
2015-09-27 16:28:00 UTC,4.1,125,H
2015-09-27 23:38:00 UTC,-0.3,-9,L
2015-09-28 04:59:00 UTC,4.1,125,H
2015-09-28 12:04:00 UTC,-0.4,-12,L
2015-09-28 17:22:00 UTC,4.2,128,H
2015-09-29 00:32:00 UTC,-0.4,-12,L
2015-09-29 05:51:00 UTC,4.1,125,H
2015-09-29 12:54:00 UTC,-0.5,-15,L
2015-09-29 18:16:00 UTC,4.3,131,H
2015-09-30 01:24:00 UTC,-0.3,-9,L
2015-09-30 06:44:00 UTC,4.1,125,H
2015-09-30 13:42:00 UTC,-0.4,-12,L
2015-09-30 19:10:00 UTC,4.3,131,H
2015-10-01 02:16:00 UTC,-0.2,-6,L
2015-10-01 07:36:00 UTC,3.9,119,H
2015-10-01 14:32:00 UTC,-0.3,-9,L
2015-10-01 20:04:00 UTC,4.2,128,H
2015-10-02 03:10:00 UTC,0.0,0,L
2015-10-02 08:28:00 UTC,3.8,116,H
2015-10-02 15:24:00 UTC,-0.1,-3,L
2015-10-02 20:58:00 UTC,4.1,125,H
2015-10-03 04:06:00 UTC,0.2,6,L
2015-10-03 09:21:00 UTC,3.6,110,H
2015-10-03 16:20:00 UTC,0.1,3,L
2015-10-03 21:52:00 UTC,3.9,119,H
2015-10-04 05:06:00 UTC,0.4,12,L
2015-10-04 10:16:00 UTC,3.4,104,H
2015-10-04 17:20:00 UTC,0.3,9,L
2015-10-04 22:48:00 UTC,3.7,113,H
2015-10-05 06:08:00 UTC,0.5,15,L
2015-10-05 11:12:00 UTC,3.3,101,H
2015-10-05 18:21:00 UTC,0.4,12,L
2015-10-05 23:45:00 UTC,3.6,110,H
2015-10-06 07:07:00 UTC,0.6,18,L
2015-10-06 12:11:00 UTC,3.3,101,H
2015-10-06 19:21:00 UTC,0.5,15,L
2015-10-07 00:43:00 UTC,3.5,107,H
2015-10-07 08:02:00 UTC,0.6,18,L
2015-10-07 13:10:00 UTC,3.3,101,H
2015-10-07 20:17:00 UTC,0.5,15,L
2015-10-08 01:38:00 UTC,3.5,107,H
2015-10-08 08:52:00 UTC,0.6,18,L
2015-10-08 14:05:00 UTC,3.3,101,H
2015-10-08 21:10:00 UTC,0.5,15,L
2015-10-09 02:28:00 UTC,3.5,107,H
2015-10-09 09:39:00 UTC,0.5,15,L
2015-10-09 14:54:00 UTC,3.4,104,H
2015-10-09 22:00:00 UTC,0.5,15,L
2015-10-10 03:14:00 UTC,3.5,107,H
2015-10-10 10:23:00 UTC,0.4,12,L
2015-10-10 15:39:00 UTC,3.5,107,H
2015-10-10 22:47:00 UTC,0.4,12,L
2015-10-11 03:56:00 UTC,3.6,110,H
2015-10-11 11:05:00 UTC,0.4,12,L
2015-10-11 16:22:00 UTC,3.6,110,H
2015-10-11 23:31:00 UTC,0.4,12,L
2015-10-12 04:36:00 UTC,3.6,110,H
2015-10-12 11:43:00 UTC,0.3,9,L
2015-10-12 17:02:00 UTC,3.7,113,H
2015-10-13 00:12:00 UTC,0.4,12,L
2015-10-13 05:15:00 UTC,3.5,107,H
2015-10-13 12:19:00 UTC,0.3,9,L
2015-10-13 17:41:00 UTC,3.7,113,H
2015-10-14 00:50:00 UTC,0.4,12,L
2015-10-14 05:54:00 UTC,3.5,107,H
2015-10-14 12:54:00 UTC,0.3,9,L
2015-10-14 18:19:00 UTC,3.7,113,H
2015-10-15 01:27:00 UTC,0.4,12,L
2015-10-15 06:32:00 UTC,3.4,104,H
2015-10-15 13:28:00 UTC,0.3,9,L
2015-10-15 18:56:00 UTC,3.7,113,H
2015-10-16 02:04:00 UTC,0.5,15,L
2015-10-16 07:10:00 UTC,3.3,101,H
2015-10-16 14:02:00 UTC,0.4,12,L
2015-10-16 19:34:00 UTC,3.6,110,H
2015-10-17 02:43:00 UTC,0.5,15,L
2015-10-17 07:49:00 UTC,3.3,101,H
2015-10-17 14:39:00 UTC,0.4,12,L
2015-10-17 20:14:00 UTC,3.6,110,H
2015-10-18 03:25:00 UTC,0.6,18,L
2015-10-18 08:30:00 UTC,3.2,98,H
2015-10-18 15:21:00 UTC,0.5,15,L
2015-10-18 20:57:00 UTC,3.6,110,H
2015-10-19 04:13:00 UTC,0.6,18,L
2015-10-19 09:14:00 UTC,3.2,98,H
2015-10-19 16:11:00 UTC,0.5,15,L
2015-10-19 21:44:00 UTC,3.5,107,H
2015-10-20 05:07:00 UTC,0.6,18,L
2015-10-20 10:05:00 UTC,3.2,98,H
2015-10-20 17:10:00 UTC,0.5,15,L
2015-10-20 22:39:00 UTC,3.5,107,H
2015-10-21 06:06:00 UTC,0.6,18,L
2015-10-21 11:01:00 UTC,3.2,98,H
2015-10-21 18:15:00 UTC,0.5,15,L
2015-10-21 23:39:00 UTC,3.6,110,H
2015-10-22 07:06:00 UTC,0.5,15,L
2015-10-22 12:04:00 UTC,3.4,104,H
2015-10-22 19:21:00 UTC,0.4,12,L
2015-10-23 00:44:00 UTC,3.6,110,H
2015-10-23 08:04:00 UTC,0.3,9,L
2015-10-23 13:10:00 UTC,3.5,107,H
2015-10-23 20:25:00 UTC,0.3,9,L
2015-10-24 01:48:00 UTC,3.7,113,H
2015-10-24 09:00:00 UTC,0.1,3,L
2015-10-24 14:14:00 UTC,3.8,116,H
2015-10-24 21:26:00 UTC,0.1,3,L
2015-10-25 02:48:00 UTC,3.9,119,H
2015-10-25 09:55:00 UTC,-0.1,-3,L
2015-10-25 15:14:00 UTC,4.0,122,H
2015-10-25 22:26:00 UTC,-0.1,-3,L
2015-10-26 03:44:00 UTC,4.0,122,H
2015-10-26 10:49:00 UTC,-0.3,-9,L
2015-10-26 16:10:00 UTC,4.2,128,H
2015-10-26 23:22:00 UTC,-0.2,-6,L
2015-10-27 04:38:00 UTC,4.0,122,H
2015-10-27 11:41:00 UTC,-0.4,-12,L
2015-10-27 17:04:00 UTC,4.4,134,H
2015-10-28 00:16:00 UTC,-0.3,-9,L
2015-10-28 05:30:00 UTC,4.0,122,H
2015-10-28 12:31:00 UTC,-0.5,-15,L
2015-10-28 17:57:00 UTC,4.4,134,H
2015-10-29 01:08:00 UTC,-0.3,-9,L
2015-10-29 06:22:00 UTC,3.9,119,H
2015-10-29 13:20:00 UTC,-0.4,-12,L
2015-10-29 18:50:00 UTC,4.4,134,H
2015-10-30 01:59:00 UTC,-0.2,-6,L
2015-10-30 07:14:00 UTC,3.8,116,H
2015-10-30 14:09:00 UTC,-0.3,-9,L
2015-10-30 19:42:00 UTC,4.2,128,H
2015-10-31 02:50:00 UTC,0.0,0,L
2015-10-31 08:06:00 UTC,3.7,113,H
2015-10-31 15:00:00 UTC,0.0,0,L
2015-10-31 20:34:00 UTC,4.1,125,H
2015-11-01 03:43:00 UTC,0.2,6,L
2015-11-01 08:58:00 UTC,3.5,107,H
2015-11-01 15:53:00 UTC,0.2,6,L
2015-11-01 21:25:00 UTC,3.8,116,H
2015-11-02 04:38:00 UTC,0.4,12,L
2015-11-02 09:50:00 UTC,3.4,104,H
2015-11-02 16:51:00 UTC,0.4,12,L
2015-11-02 22:16:00 UTC,3.6,110,H
2015-11-03 05:36:00 UTC,0.5,15,L
2015-11-03 10:43:00 UTC,3.2,98,H
2015-11-03 17:51:00 UTC,0.6,18,L
2015-11-03 23:09:00 UTC,3.5,107,H
2015-11-04 06:33:00 UTC,0.6,18,L
2015-11-04 11:39:00 UTC,3.2,98,H
2015-11-04 18:51:00 UTC,0.7,21,L
2015-11-05 00:03:00 UTC,3.4,104,H
2015-11-05 07:26:00 UTC,0.6,18,L
2015-11-05 12:36:00 UTC,3.2,98,H
2015-11-05 19:48:00 UTC,0.7,21,L
2015-11-06 00:56:00 UTC,3.3,101,H
2015-11-06 08:15:00 UTC,0.6,18,L
2015-11-06 13:30:00 UTC,3.3,101,H
2015-11-06 20:41:00 UTC,0.6,18,L
2015-11-07 01:48:00 UTC,3.3,101,H
2015-11-07 09:01:00 UTC,0.5,15,L
2015-11-07 14:21:00 UTC,3.4,104,H
2015-11-07 21:31:00 UTC,0.6,18,L
2015-11-08 02:36:00 UTC,3.3,101,H
2015-11-08 09:46:00 UTC,0.4,12,L
2015-11-08 15:08:00 UTC,3.5,107,H
2015-11-08 22:19:00 UTC,0.5,15,L
2015-11-09 03:21:00 UTC,3.4,104,H
2015-11-09 10:28:00 UTC,0.4,12,L
2015-11-09 15:51:00 UTC,3.6,110,H
2015-11-09 23:04:00 UTC,0.4,12,L
2015-11-10 04:04:00 UTC,3.4,104,H
2015-11-10 11:08:00 UTC,0.3,9,L
2015-11-10 16:33:00 UTC,3.7,113,H
2015-11-10 23:46:00 UTC,0.3,9,L
2015-11-11 04:45:00 UTC,3.4,104,H
2015-11-11 11:47:00 UTC,0.2,6,L
2015-11-11 17:13:00 UTC,3.8,116,H
2015-11-12 00:25:00 UTC,0.3,9,L
2015-11-12 05:25:00 UTC,3.4,104,H
2015-11-12 12:24:00 UTC,0.2,6,L
2015-11-12 17:52:00 UTC,3.8,116,H
2015-11-13 01:04:00 UTC,0.3,9,L
2015-11-13 06:05:00 UTC,3.3,101,H
2015-11-13 13:01:00 UTC,0.2,6,L
2015-11-13 18:31:00 UTC,3.7,113,H
2015-11-14 01:41:00 UTC,0.3,9,L
2015-11-14 06:45:00 UTC,3.3,101,H
2015-11-14 13:37:00 UTC,0.2,6,L
2015-11-14 19:11:00 UTC,3.7,113,H
2015-11-15 02:21:00 UTC,0.3,9,L
2015-11-15 07:26:00 UTC,3.2,98,H
2015-11-15 14:16:00 UTC,0.2,6,L
2015-11-15 19:52:00 UTC,3.7,113,H
2015-11-16 03:03:00 UTC,0.3,9,L
2015-11-16 08:08:00 UTC,3.2,98,H
2015-11-16 15:00:00 UTC,0.3,9,L
2015-11-16 20:36:00 UTC,3.6,110,H
2015-11-17 03:49:00 UTC,0.4,12,L
2015-11-17 08:55:00 UTC,3.2,98,H
2015-11-17 15:50:00 UTC,0.3,9,L
2015-11-17 21:23:00 UTC,3.6,110,H
2015-11-18 04:42:00 UTC,0.4,12,L
2015-11-18 09:46:00 UTC,3.2,98,H
2015-11-18 16:50:00 UTC,0.4,12,L
2015-11-18 22:16:00 UTC,3.5,107,H
2015-11-19 05:40:00 UTC,0.3,9,L
2015-11-19 10:42:00 UTC,3.3,101,H
2015-11-19 17:55:00 UTC,0.4,12,L
2015-11-19 23:15:00 UTC,3.5,107,H
2015-11-20 06:39:00 UTC,0.2,6,L
2015-11-20 11:45:00 UTC,3.4,104,H
2015-11-20 19:02:00 UTC,0.3,9,L
2015-11-21 00:19:00 UTC,3.5,107,H
2015-11-21 07:38:00 UTC,0.1,3,L
2015-11-21 12:52:00 UTC,3.6,110,H
2015-11-21 20:07:00 UTC,0.2,6,L
2015-11-22 01:24:00 UTC,3.5,107,H
2015-11-22 08:35:00 UTC,-0.1,-3,L
2015-11-22 13:57:00 UTC,3.8,116,H
2015-11-22 21:10:00 UTC,0.1,3,L
2015-11-23 02:26:00 UTC,3.6,110,H
2015-11-23 09:31:00 UTC,-0.2,-6,L
2015-11-23 14:57:00 UTC,4.0,122,H
2015-11-23 22:10:00 UTC,-0.1,-3,L
2015-11-24 03:23:00 UTC,3.7,113,H
2015-11-24 10:26:00 UTC,-0.4,-12,L
2015-11-24 15:54:00 UTC,4.2,128,H
2015-11-24 23:07:00 UTC,-0.2,-6,L
2015-11-25 04:18:00 UTC,3.7,113,H
2015-11-25 11:19:00 UTC,-0.5,-15,L
2015-11-25 16:48:00 UTC,4.3,131,H
2015-11-26 00:01:00 UTC,-0.3,-9,L
2015-11-26 05:11:00 UTC,3.7,113,H
2015-11-26 12:10:00 UTC,-0.5,-15,L
2015-11-26 17:40:00 UTC,4.3,131,H
2015-11-27 00:51:00 UTC,-0.3,-9,L
2015-11-27 06:03:00 UTC,3.7,113,H
2015-11-27 13:00:00 UTC,-0.4,-12,L
2015-11-27 18:31:00 UTC,4.2,128,H
2015-11-28 01:40:00 UTC,-0.2,-6,L
2015-11-28 06:53:00 UTC,3.6,110,H
2015-11-28 13:48:00 UTC,-0.3,-9,L
2015-11-28 19:20:00 UTC,4.1,125,H
2015-11-29 02:28:00 UTC,-0.1,-3,L
2015-11-29 07:43:00 UTC,3.4,104,H
2015-11-29 14:36:00 UTC,-0.1,-3,L
2015-11-29 20:08:00 UTC,3.9,119,H
2015-11-30 03:16:00 UTC,0.1,3,L
2015-11-30 08:32:00 UTC,3.3,101,H
2015-11-30 15:25:00 UTC,0.1,3,L
2015-11-30 20:54:00 UTC,3.7,113,H
2015-12-01 04:06:00 UTC,0.3,9,L
2015-12-01 09:20:00 UTC,3.2,98,H
2015-12-01 16:18:00 UTC,0.4,12,L
2015-12-01 21:40:00 UTC,3.4,104,H
2015-12-02 04:58:00 UTC,0.4,12,L
2015-12-02 10:09:00 UTC,3.1,94,H
2015-12-02 17:15:00 UTC,0.5,15,L
2015-12-02 22:27:00 UTC,3.3,101,H
2015-12-03 05:50:00 UTC,0.5,15,L
2015-12-03 10:59:00 UTC,3.0,91,H
2015-12-03 18:13:00 UTC,0.6,18,L
2015-12-03 23:15:00 UTC,3.1,94,H
2015-12-04 06:41:00 UTC,0.5,15,L
2015-12-04 11:53:00 UTC,3.0,91,H
2015-12-04 19:10:00 UTC,0.7,21,L
2015-12-05 00:07:00 UTC,3.0,91,H
2015-12-05 07:30:00 UTC,0.5,15,L
2015-12-05 12:48:00 UTC,3.1,94,H
2015-12-05 20:04:00 UTC,0.6,18,L
2015-12-06 01:00:00 UTC,3.0,91,H
2015-12-06 08:18:00 UTC,0.4,12,L
2015-12-06 13:41:00 UTC,3.2,98,H
2015-12-06 20:56:00 UTC,0.6,18,L
2015-12-07 01:53:00 UTC,3.0,91,H
2015-12-07 09:04:00 UTC,0.3,9,L
2015-12-07 14:32:00 UTC,3.3,101,H
2015-12-07 21:46:00 UTC,0.5,15,L
2015-12-08 02:43:00 UTC,3.0,91,H
2015-12-08 09:49:00 UTC,0.2,6,L
2015-12-08 15:19:00 UTC,3.4,104,H
2015-12-08 22:33:00 UTC,0.3,9,L
2015-12-09 03:30:00 UTC,3.1,94,H
2015-12-09 10:33:00 UTC,0.2,6,L
2015-12-09 16:04:00 UTC,3.6,110,H
2015-12-09 23:17:00 UTC,0.2,6,L
2015-12-10 04:15:00 UTC,3.2,98,H
2015-12-10 11:16:00 UTC,0.1,3,L
2015-12-10 16:47:00 UTC,3.6,110,H
2015-12-10 23:59:00 UTC,0.1,3,L
2015-12-11 04:58:00 UTC,3.2,98,H
2015-12-11 11:57:00 UTC,0.0,0,L
2015-12-11 17:29:00 UTC,3.7,113,H
2015-12-12 00:40:00 UTC,0.0,0,L
2015-12-12 05:40:00 UTC,3.2,98,H
2015-12-12 12:37:00 UTC,-0.1,-3,L
2015-12-12 18:10:00 UTC,3.7,113,H
2015-12-13 01:20:00 UTC,0.0,0,L
2015-12-13 06:23:00 UTC,3.2,98,H
2015-12-13 13:17:00 UTC,-0.1,-3,L
2015-12-13 18:52:00 UTC,3.7,113,H
2015-12-14 02:00:00 UTC,0.0,0,L
2015-12-14 07:06:00 UTC,3.2,98,H
2015-12-14 13:59:00 UTC,-0.1,-3,L
2015-12-14 19:34:00 UTC,3.7,113,H
2015-12-15 02:43:00 UTC,0.0,0,L
2015-12-15 07:51:00 UTC,3.2,98,H
2015-12-15 14:45:00 UTC,-0.1,-3,L
2015-12-15 20:19:00 UTC,3.6,110,H
2015-12-16 03:29:00 UTC,0.0,0,L
2015-12-16 08:39:00 UTC,3.2,98,H
2015-12-16 15:36:00 UTC,0.0,0,L
2015-12-16 21:06:00 UTC,3.5,107,H
2015-12-17 04:20:00 UTC,0.0,0,L
2015-12-17 09:30:00 UTC,3.2,98,H
2015-12-17 16:34:00 UTC,0.1,3,L
2015-12-17 21:58:00 UTC,3.4,104,H
2015-12-18 05:16:00 UTC,0.0,0,L
2015-12-18 10:26:00 UTC,3.3,101,H
2015-12-18 17:39:00 UTC,0.2,6,L
2015-12-18 22:54:00 UTC,3.3,101,H
2015-12-19 06:14:00 UTC,-0.1,-3,L
2015-12-19 11:28:00 UTC,3.3,101,H
2015-12-19 18:45:00 UTC,0.2,6,L
2015-12-19 23:56:00 UTC,3.3,101,H
2015-12-20 07:14:00 UTC,-0.2,-6,L
2015-12-20 12:34:00 UTC,3.5,107,H
2015-12-20 19:51:00 UTC,0.1,3,L
2015-12-21 01:02:00 UTC,3.2,98,H
2015-12-21 08:12:00 UTC,-0.3,-9,L
2015-12-21 13:40:00 UTC,3.6,110,H
2015-12-21 20:54:00 UTC,0.0,0,L
2015-12-22 02:06:00 UTC,3.3,101,H
2015-12-22 09:10:00 UTC,-0.4,-12,L
2015-12-22 14:43:00 UTC,3.8,116,H
2015-12-22 21:54:00 UTC,-0.1,-3,L
2015-12-23 03:05:00 UTC,3.3,101,H
2015-12-23 10:06:00 UTC,-0.4,-12,L
2015-12-23 15:40:00 UTC,3.9,119,H
2015-12-23 22:51:00 UTC,-0.2,-6,L
2015-12-24 04:01:00 UTC,3.4,104,H
2015-12-24 11:01:00 UTC,-0.5,-15,L
2015-12-24 16:33:00 UTC,4.0,122,H
2015-12-24 23:45:00 UTC,-0.3,-9,L
2015-12-25 04:54:00 UTC,3.4,104,H
2015-12-25 11:52:00 UTC,-0.5,-15,L
2015-12-25 17:24:00 UTC,4.0,122,H
2015-12-26 00:34:00 UTC,-0.3,-9,L
2015-12-26 05:44:00 UTC,3.4,104,H
2015-12-26 12:41:00 UTC,-0.5,-15,L
2015-12-26 18:12:00 UTC,3.9,119,H
2015-12-27 01:21:00 UTC,-0.3,-9,L
2015-12-27 06:32:00 UTC,3.3,101,H
2015-12-27 13:28:00 UTC,-0.4,-12,L
2015-12-27 18:57:00 UTC,3.8,116,H
2015-12-28 02:05:00 UTC,-0.2,-6,L
2015-12-28 07:19:00 UTC,3.2,98,H
2015-12-28 14:13:00 UTC,-0.2,-6,L
2015-12-28 19:41:00 UTC,3.6,110,H
2015-12-29 02:48:00 UTC,-0.1,-3,L
2015-12-29 08:03:00 UTC,3.1,94,H
2015-12-29 14:58:00 UTC,0.0,0,L
2015-12-29 20:22:00 UTC,3.4,104,H
2015-12-30 03:31:00 UTC,0.1,3,L
2015-12-30 08:47:00 UTC,3.0,91,H
2015-12-30 15:45:00 UTC,0.2,6,L
2015-12-30 21:03:00 UTC,3.2,98,H
2015-12-31 04:15:00 UTC,0.2,6,L
2015-12-31 09:30:00 UTC,3.0,91,H
2015-12-31 16:35:00 UTC,0.4,12,L
2015-12-31 21:44:00 UTC,3.1,94,H
