time,feet,centimeters,tide
2014-12-31 04:08:00 UTC,4.0,122,H
2014-12-31 09:03:00 UTC,2.0,61,L
2014-12-31 15:35:00 UTC,6.2,189,H
2014-12-31 22:39:00 UTC,0.0,0,L
2015-01-01 05:16:00 UTC,4.2,128,H
2015-01-01 10:04:00 UTC,2.2,67,L
2015-01-01 16:28:00 UTC,6.3,192,H
2015-01-01 23:29:00 UTC,-0.3,-9,L
2015-01-02 06:16:00 UTC,4.5,137,H
2015-01-02 10:59:00 UTC,2.4,73,L
2015-01-02 17:12:00 UTC,6.3,192,H
2015-01-03 00:13:00 UTC,-0.6,-18,L
2015-01-03 07:07:00 UTC,4.7,143,H
2015-01-03 11:49:00 UTC,2.5,76,L
2015-01-03 17:54:00 UTC,6.3,192,H
2015-01-04 00:53:00 UTC,-0.7,-21,L
2015-01-04 07:52:00 UTC,4.8,146,H
2015-01-04 12:36:00 UTC,2.6,79,L
2015-01-04 18:34:00 UTC,6.2,189,H
2015-01-05 01:29:00 UTC,-0.7,-21,L
2015-01-05 08:33:00 UTC,4.8,146,H
2015-01-05 13:20:00 UTC,2.6,79,L
2015-01-05 19:12:00 UTC,6.0,183,H
2015-01-06 02:04:00 UTC,-0.6,-18,L
2015-01-06 09:10:00 UTC,4.9,149,H
2015-01-06 14:02:00 UTC,2.6,79,L
2015-01-06 19:48:00 UTC,5.8,177,H
2015-01-07 02:38:00 UTC,-0.4,-12,L
2015-01-07 09:45:00 UTC,4.9,149,H
2015-01-07 14:44:00 UTC,2.7,82,L
2015-01-07 20:25:00 UTC,5.5,168,H
2015-01-08 03:12:00 UTC,-0.2,-6,L
2015-01-08 10:19:00 UTC,4.9,149,H
2015-01-08 15:28:00 UTC,2.7,82,L
2015-01-08 21:04:00 UTC,5.2,158,H
2015-01-09 03:46:00 UTC,0.1,3,L
2015-01-09 10:52:00 UTC,4.9,149,H
2015-01-09 16:16:00 UTC,2.6,79,L
2015-01-09 21:45:00 UTC,4.8,146,H
2015-01-10 04:22:00 UTC,0.5,15,L
2015-01-10 11:26:00 UTC,4.9,149,H
2015-01-10 17:09:00 UTC,2.5,76,L
2015-01-10 22:32:00 UTC,4.4,134,H
2015-01-11 05:00:00 UTC,0.9,27,L
2015-01-11 12:03:00 UTC,5.0,152,H
2015-01-11 18:09:00 UTC,2.4,73,L
2015-01-11 23:28:00 UTC,4.0,122,H
2015-01-12 05:42:00 UTC,1.4,43,L
2015-01-12 12:43:00 UTC,5.1,155,H
2015-01-12 19:13:00 UTC,2.1,64,L
2015-01-13 00:38:00 UTC,3.6,110,H
2015-01-13 06:29:00 UTC,1.8,55,L
2015-01-13 13:26:00 UTC,5.2,158,H
2015-01-13 20:17:00 UTC,1.7,52,L
2015-01-14 02:07:00 UTC,3.4,104,H
2015-01-14 07:25:00 UTC,2.2,67,L
2015-01-14 14:12:00 UTC,5.4,165,H
2015-01-14 21:15:00 UTC,1.2,37,L
2015-01-15 03:40:00 UTC,3.5,107,H
2015-01-15 08:26:00 UTC,2.5,76,L
2015-01-15 15:00:00 UTC,5.6,171,H
2015-01-15 22:06:00 UTC,0.6,18,L
2015-01-16 04:54:00 UTC,3.7,113,H
2015-01-16 09:26:00 UTC,2.7,82,L
2015-01-16 15:48:00 UTC,5.9,180,H
2015-01-16 22:52:00 UTC,0.1,3,L
2015-01-17 05:50:00 UTC,4.1,125,H
2015-01-17 10:22:00 UTC,2.7,82,L
2015-01-17 16:36:00 UTC,6.2,189,H
2015-01-17 23:36:00 UTC,-0.4,-12,L
2015-01-18 06:37:00 UTC,4.4,134,H
2015-01-18 11:13:00 UTC,2.7,82,L
2015-01-18 17:23:00 UTC,6.5,198,H
2015-01-19 00:18:00 UTC,-0.9,-27,L
2015-01-19 07:19:00 UTC,4.7,143,H
2015-01-19 12:03:00 UTC,2.5,76,L
2015-01-19 18:11:00 UTC,6.7,204,H
2015-01-20 01:00:00 UTC,-1.1,-34,L
2015-01-20 08:00:00 UTC,5.0,152,H
2015-01-20 12:52:00 UTC,2.3,70,L
2015-01-20 18:59:00 UTC,6.7,204,H
2015-01-21 01:43:00 UTC,-1.3,-40,L
2015-01-21 08:40:00 UTC,5.2,158,H
2015-01-21 13:42:00 UTC,2.1,64,L
2015-01-21 19:49:00 UTC,6.6,201,H
2015-01-22 02:26:00 UTC,-1.2,-37,L
2015-01-22 09:21:00 UTC,5.4,165,H
2015-01-22 14:35:00 UTC,1.9,58,L
2015-01-22 20:40:00 UTC,6.3,192,H
2015-01-23 03:10:00 UTC,-0.9,-27,L
2015-01-23 10:03:00 UTC,5.6,171,H
2015-01-23 15:32:00 UTC,1.7,52,L
2015-01-23 21:34:00 UTC,5.9,180,H
2015-01-24 03:56:00 UTC,-0.4,-12,L
2015-01-24 10:47:00 UTC,5.8,177,H
2015-01-24 16:33:00 UTC,1.6,49,L
2015-01-24 22:34:00 UTC,5.3,162,H
2015-01-25 04:44:00 UTC,0.2,6,L
2015-01-25 11:34:00 UTC,5.9,180,H
2015-01-25 17:41:00 UTC,1.4,43,L
2015-01-25 23:43:00 UTC,4.7,143,H
2015-01-26 05:36:00 UTC,0.9,27,L
2015-01-26 12:24:00 UTC,5.9,180,H
2015-01-26 18:55:00 UTC,1.2,37,L
2015-01-27 01:04:00 UTC,4.2,128,H
2015-01-27 06:34:00 UTC,1.5,46,L
2015-01-27 13:17:00 UTC,5.9,180,H
2015-01-27 20:11:00 UTC,0.9,27,L
2015-01-28 02:35:00 UTC,4.0,122,H
2015-01-28 07:39:00 UTC,2.0,61,L
2015-01-28 14:14:00 UTC,6.0,183,H
2015-01-28 21:21:00 UTC,0.5,15,L
2015-01-29 04:01:00 UTC,4.0,122,H
2015-01-29 08:48:00 UTC,2.4,73,L
2015-01-29 15:11:00 UTC,6.0,183,H
2015-01-29 22:23:00 UTC,0.2,6,L
2015-01-30 05:11:00 UTC,4.3,131,H
2015-01-30 09:53:00 UTC,2.6,79,L
2015-01-30 16:05:00 UTC,6.0,183,H
2015-01-30 23:15:00 UTC,-0.1,-3,L
2015-01-31 06:06:00 UTC,4.5,137,H
2015-01-31 10:51:00 UTC,2.6,79,L
2015-01-31 16:55:00 UTC,6.0,183,H
2015-01-31 23:59:00 UTC,-0.2,-6,L
2015-02-01 06:52:00 UTC,4.7,143,H
2015-02-01 11:41:00 UTC,2.5,76,L
2015-02-01 17:40:00 UTC,6.0,183,H
2015-02-02 00:37:00 UTC,-0.3,-9,L
2015-02-02 07:31:00 UTC,4.9,149,H
2015-02-02 12:26:00 UTC,2.5,76,L
2015-02-02 18:21:00 UTC,5.9,180,H
2015-02-03 01:11:00 UTC,-0.3,-9,L
2015-02-03 08:05:00 UTC,4.9,149,H
2015-02-03 13:07:00 UTC,2.4,73,L
2015-02-03 18:59:00 UTC,5.8,177,H
2015-02-04 01:42:00 UTC,-0.2,-6,L
2015-02-04 08:36:00 UTC,5.0,152,H
2015-02-04 13:45:00 UTC,2.3,70,L
2015-02-04 19:35:00 UTC,5.7,174,H
2015-02-05 02:13:00 UTC,0.0,0,L
2015-02-05 09:04:00 UTC,5.0,152,H
2015-02-05 14:22:00 UTC,2.2,67,L
2015-02-05 20:11:00 UTC,5.4,165,H
2015-02-06 02:43:00 UTC,0.2,6,L
2015-02-06 09:31:00 UTC,5.0,152,H
2015-02-06 15:00:00 UTC,2.1,64,L
2015-02-06 20:48:00 UTC,5.2,158,H
2015-02-07 03:13:00 UTC,0.5,15,L
2015-02-07 09:59:00 UTC,5.0,152,H
2015-02-07 15:39:00 UTC,2.0,61,L
2015-02-07 21:27:00 UTC,4.8,146,H
2015-02-08 03:44:00 UTC,0.9,27,L
2015-02-08 10:29:00 UTC,5.1,155,H
2015-02-08 16:23:00 UTC,1.9,58,L
2015-02-08 22:12:00 UTC,4.4,134,H
2015-02-09 04:18:00 UTC,1.3,40,L
2015-02-09 11:03:00 UTC,5.1,155,H
2015-02-09 17:13:00 UTC,1.8,55,L
2015-02-09 23:04:00 UTC,4.0,122,H
2015-02-10 04:55:00 UTC,1.7,52,L
2015-02-10 11:42:00 UTC,5.2,158,H
2015-02-10 18:11:00 UTC,1.6,49,L
2015-02-11 00:10:00 UTC,3.7,113,H
2015-02-11 05:39:00 UTC,2.1,64,L
2015-02-11 12:26:00 UTC,5.2,158,H
2015-02-11 19:15:00 UTC,1.4,43,L
2015-02-12 01:38:00 UTC,3.5,107,H
2015-02-12 06:36:00 UTC,2.5,76,L
2015-02-12 13:18:00 UTC,5.3,162,H
2015-02-12 20:22:00 UTC,1.0,30,L
2015-02-13 03:15:00 UTC,3.5,107,H
2015-02-13 07:47:00 UTC,2.8,85,L
2015-02-13 14:15:00 UTC,5.5,168,H
2015-02-13 21:23:00 UTC,0.6,18,L
2015-02-14 04:30:00 UTC,3.8,116,H
2015-02-14 08:59:00 UTC,2.9,88,L
2015-02-14 15:14:00 UTC,5.7,174,H
2015-02-14 22:18:00 UTC,0.1,3,L
2015-02-15 05:25:00 UTC,4.2,128,H
2015-02-15 10:03:00 UTC,2.7,82,L
2015-02-15 16:11:00 UTC,6.0,183,H
2015-02-15 23:07:00 UTC,-0.3,-9,L
2015-02-16 06:09:00 UTC,4.5,137,H
2015-02-16 10:59:00 UTC,2.5,76,L
2015-02-16 17:06:00 UTC,6.3,192,H
2015-02-16 23:53:00 UTC,-0.7,-21,L
2015-02-17 06:49:00 UTC,4.9,149,H
2015-02-17 11:50:00 UTC,2.1,64,L
2015-02-17 17:59:00 UTC,6.5,198,H
2015-02-18 00:37:00 UTC,-0.9,-27,L
2015-02-18 07:27:00 UTC,5.2,158,H
2015-02-18 12:40:00 UTC,1.7,52,L
2015-02-18 18:51:00 UTC,6.6,201,H
2015-02-19 01:20:00 UTC,-0.9,-27,L
2015-02-19 08:05:00 UTC,5.5,168,H
2015-02-19 13:30:00 UTC,1.3,40,L
2015-02-19 19:42:00 UTC,6.4,195,H
2015-02-20 02:03:00 UTC,-0.7,-21,L
2015-02-20 08:44:00 UTC,5.8,177,H
2015-02-20 14:22:00 UTC,1.0,30,L
2015-02-20 20:35:00 UTC,6.1,186,H
2015-02-21 02:46:00 UTC,-0.3,-9,L
2015-02-21 09:24:00 UTC,5.9,180,H
2015-02-21 15:15:00 UTC,0.8,24,L
2015-02-21 21:30:00 UTC,5.7,174,H
2015-02-22 03:31:00 UTC,0.2,6,L
2015-02-22 10:06:00 UTC,6.0,183,H
2015-02-22 16:12:00 UTC,0.6,18,L
2015-02-22 22:30:00 UTC,5.1,155,H
2015-02-23 04:18:00 UTC,0.8,24,L
2015-02-23 10:51:00 UTC,6.0,183,H
2015-02-23 17:14:00 UTC,0.6,18,L
2015-02-23 23:38:00 UTC,4.6,140,H
2015-02-24 05:10:00 UTC,1.5,46,L
2015-02-24 11:40:00 UTC,5.9,180,H
2015-02-24 18:22:00 UTC,0.6,18,L
2015-02-25 00:57:00 UTC,4.2,128,H
2015-02-25 06:11:00 UTC,2.0,61,L
2015-02-25 12:36:00 UTC,5.7,174,H
2015-02-25 19:35:00 UTC,0.6,18,L
2015-02-26 02:26:00 UTC,4.0,122,H
2015-02-26 07:22:00 UTC,2.4,73,L
2015-02-26 13:37:00 UTC,5.5,168,H
2015-02-26 20:49:00 UTC,0.5,15,L
2015-02-27 03:47:00 UTC,4.2,128,H
2015-02-27 08:38:00 UTC,2.6,79,L
2015-02-27 14:41:00 UTC,5.5,168,H
2015-02-27 21:54:00 UTC,0.3,9,L
2015-02-28 04:52:00 UTC,4.4,134,H
2015-02-28 09:46:00 UTC,2.6,79,L
2015-02-28 15:43:00 UTC,5.4,165,H
2015-02-28 22:48:00 UTC,0.2,6,L
2015-03-01 05:42:00 UTC,4.6,140,H
2015-03-01 10:44:00 UTC,2.4,73,L
2015-03-01 16:38:00 UTC,5.5,168,H
2015-03-01 23:33:00 UTC,0.2,6,L
2015-03-02 06:22:00 UTC,4.8,146,H
2015-03-02 11:32:00 UTC,2.2,67,L
2015-03-02 17:26:00 UTC,5.5,168,H
2015-03-03 00:10:00 UTC,0.2,6,L
2015-03-03 06:57:00 UTC,4.9,149,H
2015-03-03 12:14:00 UTC,2.0,61,L
2015-03-03 18:09:00 UTC,5.5,168,H
2015-03-04 00:43:00 UTC,0.2,6,L
2015-03-04 07:26:00 UTC,5.0,152,H
2015-03-04 12:51:00 UTC,1.8,55,L
2015-03-04 18:48:00 UTC,5.4,165,H
2015-03-05 01:14:00 UTC,0.3,9,L
2015-03-05 07:53:00 UTC,5.0,152,H
2015-03-05 13:26:00 UTC,1.6,49,L
2015-03-05 19:25:00 UTC,5.3,162,H
2015-03-06 01:43:00 UTC,0.5,15,L
2015-03-06 08:17:00 UTC,5.1,155,H
2015-03-06 14:00:00 UTC,1.4,43,L
2015-03-06 20:02:00 UTC,5.1,155,H
2015-03-07 02:11:00 UTC,0.7,21,L
2015-03-07 08:42:00 UTC,5.1,155,H
2015-03-07 14:34:00 UTC,1.3,40,L
2015-03-07 20:39:00 UTC,4.9,149,H
2015-03-08 02:40:00 UTC,1.0,30,L
2015-03-08 09:09:00 UTC,5.2,158,H
2015-03-08 15:09:00 UTC,1.1,34,L
2015-03-08 21:19:00 UTC,4.6,140,H
2015-03-09 03:10:00 UTC,1.3,40,L
2015-03-09 09:38:00 UTC,5.2,158,H
2015-03-09 15:48:00 UTC,1.0,30,L
2015-03-09 22:04:00 UTC,4.3,131,H
2015-03-10 03:43:00 UTC,1.7,52,L
2015-03-10 10:11:00 UTC,5.2,158,H
2015-03-10 16:32:00 UTC,0.9,27,L
2015-03-10 22:56:00 UTC,4.0,122,H
2015-03-11 04:19:00 UTC,2.1,64,L
2015-03-11 10:50:00 UTC,5.2,158,H
2015-03-11 17:24:00 UTC,0.9,27,L
2015-03-12 00:01:00 UTC,3.7,113,H
2015-03-12 05:05:00 UTC,2.4,73,L
2015-03-12 11:36:00 UTC,5.1,155,H
2015-03-12 18:25:00 UTC,0.8,24,L
2015-03-13 01:22:00 UTC,3.6,110,H
2015-03-13 06:07:00 UTC,2.7,82,L
2015-03-13 12:32:00 UTC,5.1,155,H
2015-03-13 19:32:00 UTC,0.6,18,L
2015-03-14 02:49:00 UTC,3.7,113,H
2015-03-14 07:26:00 UTC,2.9,88,L
2015-03-14 13:37:00 UTC,5.2,158,H
2015-03-14 20:39:00 UTC,0.3,9,L
2015-03-15 03:58:00 UTC,4.0,122,H
2015-03-15 08:45:00 UTC,2.8,85,L
2015-03-15 14:45:00 UTC,5.3,162,H
2015-03-15 21:40:00 UTC,0.1,3,L
2015-03-16 04:49:00 UTC,4.4,134,H
2015-03-16 09:51:00 UTC,2.4,73,L
2015-03-16 15:51:00 UTC,5.6,171,H
2015-03-16 22:34:00 UTC,-0.2,-6,L
2015-03-17 05:32:00 UTC,4.8,146,H
2015-03-17 10:48:00 UTC,1.9,58,L
2015-03-17 16:53:00 UTC,5.8,177,H
2015-03-17 23:23:00 UTC,-0.4,-12,L
2015-03-18 06:11:00 UTC,5.1,155,H
2015-03-18 11:40:00 UTC,1.4,43,L
2015-03-18 17:50:00 UTC,6.0,183,H
2015-03-19 00:09:00 UTC,-0.4,-12,L
2015-03-19 06:49:00 UTC,5.5,168,H
2015-03-19 12:29:00 UTC,0.8,24,L
2015-03-19 18:45:00 UTC,6.0,183,H
2015-03-20 00:53:00 UTC,-0.3,-9,L
2015-03-20 07:27:00 UTC,5.8,177,H
2015-03-20 13:18:00 UTC,0.3,9,L
2015-03-20 19:39:00 UTC,5.9,180,H
2015-03-21 01:36:00 UTC,0.0,0,L
2015-03-21 08:05:00 UTC,6.0,183,H
2015-03-21 14:07:00 UTC,-0.1,-3,L
2015-03-21 20:33:00 UTC,5.6,171,H
2015-03-22 02:20:00 UTC,0.4,12,L
2015-03-22 08:44:00 UTC,6.1,186,H
2015-03-22 14:57:00 UTC,-0.3,-9,L
2015-03-22 21:29:00 UTC,5.3,162,H
2015-03-23 03:05:00 UTC,0.9,27,L
2015-03-23 09:26:00 UTC,6.1,186,H
2015-03-23 15:50:00 UTC,-0.3,-9,L
2015-03-23 22:29:00 UTC,4.9,149,H
2015-03-24 03:54:00 UTC,1.5,46,L
2015-03-24 10:10:00 UTC,5.9,180,H
2015-03-24 16:46:00 UTC,-0.2,-6,L
2015-03-24 23:34:00 UTC,4.5,137,H
2015-03-25 04:49:00 UTC,2.0,61,L
2015-03-25 10:59:00 UTC,5.6,171,H
2015-03-25 17:47:00 UTC,0.0,0,L
2015-03-26 00:48:00 UTC,4.2,128,H
2015-03-26 05:53:00 UTC,2.4,73,L
2015-03-26 11:54:00 UTC,5.3,162,H
2015-03-26 18:55:00 UTC,0.2,6,L
2015-03-27 02:07:00 UTC,4.2,128,H
2015-03-27 07:09:00 UTC,2.6,79,L
2015-03-27 12:57:00 UTC,5.0,152,H
2015-03-27 20:05:00 UTC,0.4,12,L
2015-03-28 03:20:00 UTC,4.3,131,H
2015-03-28 08:27:00 UTC,2.6,79,L
2015-03-28 14:06:00 UTC,4.8,146,H
2015-03-28 21:10:00 UTC,0.5,15,L
2015-03-29 04:18:00 UTC,4.5,137,H
2015-03-29 09:34:00 UTC,2.4,73,L
2015-03-29 15:15:00 UTC,4.7,143,H
2015-03-29 22:06:00 UTC,0.5,15,L
2015-03-30 05:03:00 UTC,4.6,140,H
2015-03-30 10:30:00 UTC,2.1,64,L
2015-03-30 16:16:00 UTC,4.7,143,H
2015-03-30 22:52:00 UTC,0.5,15,L
2015-03-31 05:41:00 UTC,4.8,146,H
2015-03-31 11:16:00 UTC,1.7,52,L
2015-03-31 17:09:00 UTC,4.8,146,H
2015-03-31 23:32:00 UTC,0.6,18,L
2015-04-01 06:12:00 UTC,4.9,149,H
2015-04-01 11:56:00 UTC,1.4,43,L
2015-04-01 17:55:00 UTC,4.8,146,H
2015-04-02 00:06:00 UTC,0.7,21,L
2015-04-02 06:39:00 UTC,5.0,152,H
2015-04-02 12:32:00 UTC,1.1,34,L
2015-04-02 18:37:00 UTC,4.8,146,H
2015-04-03 00:38:00 UTC,0.8,24,L
2015-04-03 07:04:00 UTC,5.1,155,H
2015-04-03 13:05:00 UTC,0.8,24,L
2015-04-03 19:17:00 UTC,4.8,146,H
2015-04-04 01:08:00 UTC,1.0,30,L
2015-04-04 07:29:00 UTC,5.2,158,H
2015-04-04 13:38:00 UTC,0.6,18,L
2015-04-04 19:56:00 UTC,4.7,143,H
2015-04-05 01:38:00 UTC,1.3,40,L
2015-04-05 07:55:00 UTC,5.3,162,H
2015-04-05 14:10:00 UTC,0.3,9,L
2015-04-05 20:36:00 UTC,4.5,137,H
2015-04-06 02:08:00 UTC,1.5,46,L
2015-04-06 08:23:00 UTC,5.3,162,H
2015-04-06 14:44:00 UTC,0.2,6,L
2015-04-06 21:18:00 UTC,4.4,134,H
2015-04-07 02:39:00 UTC,1.8,55,L
2015-04-07 08:54:00 UTC,5.3,162,H
2015-04-07 15:22:00 UTC,0.1,3,L
2015-04-07 22:05:00 UTC,4.2,128,H
2015-04-08 03:14:00 UTC,2.1,64,L
2015-04-08 09:29:00 UTC,5.2,158,H
2015-04-08 16:04:00 UTC,0.0,0,L
2015-04-08 22:58:00 UTC,4.0,122,H
2015-04-09 03:55:00 UTC,2.4,73,L
2015-04-09 10:09:00 UTC,5.1,155,H
2015-04-09 16:54:00 UTC,0.0,0,L
2015-04-10 00:00:00 UTC,3.9,119,H
2015-04-10 04:47:00 UTC,2.7,82,L
2015-04-10 10:58:00 UTC,5.0,152,H
2015-04-10 17:50:00 UTC,0.0,0,L
2015-04-11 01:10:00 UTC,3.9,119,H
2015-04-11 05:57:00 UTC,2.8,85,L
2015-04-11 11:57:00 UTC,4.9,149,H
2015-04-11 18:54:00 UTC,0.1,3,L
2015-04-12 02:20:00 UTC,4.0,122,H
2015-04-12 07:19:00 UTC,2.8,85,L
2015-04-12 13:07:00 UTC,4.8,146,H
2015-04-12 19:59:00 UTC,0.0,0,L
2015-04-13 03:19:00 UTC,4.3,131,H
2015-04-13 08:37:00 UTC,2.4,73,L
2015-04-13 14:23:00 UTC,4.8,146,H
2015-04-13 21:02:00 UTC,0.0,0,L
2015-04-14 04:09:00 UTC,4.7,143,H
2015-04-14 09:42:00 UTC,1.9,58,L
2015-04-14 15:36:00 UTC,4.9,149,H
2015-04-14 21:58:00 UTC,0.0,0,L
2015-04-15 04:52:00 UTC,5.1,155,H
2015-04-15 10:39:00 UTC,1.2,37,L
2015-04-15 16:44:00 UTC,5.1,155,H
2015-04-15 22:50:00 UTC,0.1,3,L
2015-04-16 05:32:00 UTC,5.5,168,H
2015-04-16 11:30:00 UTC,0.5,15,L
2015-04-16 17:45:00 UTC,5.2,158,H
2015-04-16 23:37:00 UTC,0.2,6,L
2015-04-17 06:11:00 UTC,5.8,177,H
2015-04-17 12:19:00 UTC,-0.1,-3,L
2015-04-17 18:43:00 UTC,5.3,162,H
2015-04-18 00:23:00 UTC,0.5,15,L
2015-04-18 06:49:00 UTC,6.0,183,H
2015-04-18 13:06:00 UTC,-0.6,-18,L
2015-04-18 19:39:00 UTC,5.2,158,H
2015-04-19 01:09:00 UTC,0.8,24,L
2015-04-19 07:28:00 UTC,6.2,189,H
2015-04-19 13:53:00 UTC,-0.9,-27,L
2015-04-19 20:34:00 UTC,5.1,155,H
2015-04-20 01:54:00 UTC,1.2,37,L
2015-04-20 08:08:00 UTC,6.2,189,H
2015-04-20 14:40:00 UTC,-1.0,-30,L
2015-04-20 21:29:00 UTC,4.9,149,H
2015-04-21 02:42:00 UTC,1.6,49,L
2015-04-21 08:49:00 UTC,6.0,183,H
2015-04-21 15:29:00 UTC,-0.9,-27,L
2015-04-21 22:27:00 UTC,4.7,143,H
2015-04-22 03:32:00 UTC,2.0,61,L
2015-04-22 09:33:00 UTC,5.7,174,H
2015-04-22 16:20:00 UTC,-0.7,-21,L
2015-04-22 23:27:00 UTC,4.5,137,H
2015-04-23 04:29:00 UTC,2.3,70,L
2015-04-23 10:20:00 UTC,5.3,162,H
2015-04-23 17:14:00 UTC,-0.4,-12,L
2015-04-24 00:31:00 UTC,4.4,134,H
2015-04-24 05:35:00 UTC,2.5,76,L
2015-04-24 11:13:00 UTC,4.9,149,H
2015-04-24 18:12:00 UTC,-0.1,-3,L
2015-04-25 01:37:00 UTC,4.3,131,H
2015-04-25 06:51:00 UTC,2.6,79,L
2015-04-25 12:14:00 UTC,4.5,137,H
2015-04-25 19:14:00 UTC,0.3,9,L
2015-04-26 02:39:00 UTC,4.4,134,H
2015-04-26 08:06:00 UTC,2.4,73,L
2015-04-26 13:23:00 UTC,4.2,128,H
2015-04-26 20:15:00 UTC,0.5,15,L
2015-04-27 03:31:00 UTC,4.5,137,H
2015-04-27 09:12:00 UTC,2.1,64,L
2015-04-27 14:36:00 UTC,4.0,122,H
2015-04-27 21:11:00 UTC,0.7,21,L
2015-04-28 04:13:00 UTC,4.7,143,H
2015-04-28 10:07:00 UTC,1.7,52,L
2015-04-28 15:45:00 UTC,4.0,122,H
2015-04-28 22:00:00 UTC,0.9,27,L
2015-04-29 04:49:00 UTC,4.8,146,H
2015-04-29 10:53:00 UTC,1.3,40,L
2015-04-29 16:45:00 UTC,4.1,125,H
2015-04-29 22:43:00 UTC,1.0,30,L
2015-04-30 05:20:00 UTC,5.0,152,H
2015-04-30 11:33:00 UTC,0.9,27,L
2015-04-30 17:38:00 UTC,4.1,125,H
2015-04-30 23:21:00 UTC,1.2,37,L
2015-05-01 05:48:00 UTC,5.1,155,H
2015-05-01 12:09:00 UTC,0.5,15,L
2015-05-01 18:25:00 UTC,4.2,128,H
2015-05-01 23:56:00 UTC,1.4,43,L
2015-05-02 06:15:00 UTC,5.3,162,H
2015-05-02 12:43:00 UTC,0.1,3,L
2015-05-02 19:09:00 UTC,4.3,131,H
2015-05-03 00:30:00 UTC,1.6,49,L
2015-05-03 06:43:00 UTC,5.4,165,H
2015-05-03 13:15:00 UTC,-0.2,-6,L
2015-05-03 19:52:00 UTC,4.3,131,H
2015-05-04 01:03:00 UTC,1.8,55,L
2015-05-04 07:13:00 UTC,5.5,168,H
2015-05-04 13:48:00 UTC,-0.4,-12,L
2015-05-04 20:35:00 UTC,4.3,131,H
2015-05-05 01:37:00 UTC,2.0,61,L
2015-05-05 07:45:00 UTC,5.5,168,H
2015-05-05 14:24:00 UTC,-0.6,-18,L
2015-05-05 21:19:00 UTC,4.2,128,H
2015-05-06 02:13:00 UTC,2.3,70,L
2015-05-06 08:20:00 UTC,5.5,168,H
2015-05-06 15:02:00 UTC,-0.7,-21,L
2015-05-06 22:06:00 UTC,4.2,128,H
2015-05-07 02:53:00 UTC,2.5,76,L
2015-05-07 08:58:00 UTC,5.4,165,H
2015-05-07 15:45:00 UTC,-0.8,-24,L
2015-05-07 22:57:00 UTC,4.2,128,H
2015-05-08 03:41:00 UTC,2.6,79,L
2015-05-08 09:42:00 UTC,5.3,162,H
2015-05-08 16:32:00 UTC,-0.7,-21,L
2015-05-08 23:52:00 UTC,4.2,128,H
2015-05-09 04:40:00 UTC,2.7,82,L
2015-05-09 10:34:00 UTC,5.0,152,H
2015-05-09 17:25:00 UTC,-0.5,-15,L
2015-05-10 00:49:00 UTC,4.3,131,H
2015-05-10 05:52:00 UTC,2.7,82,L
2015-05-10 11:35:00 UTC,4.8,146,H
2015-05-10 18:23:00 UTC,-0.3,-9,L
2015-05-11 01:46:00 UTC,4.5,137,H
2015-05-11 07:12:00 UTC,2.5,76,L
2015-05-11 12:47:00 UTC,4.5,137,H
2015-05-11 19:24:00 UTC,-0.1,-3,L
2015-05-12 02:39:00 UTC,4.8,146,H
2015-05-12 08:27:00 UTC,2.0,61,L
2015-05-12 14:06:00 UTC,4.3,131,H
2015-05-12 20:25:00 UTC,0.1,3,L
2015-05-13 03:27:00 UTC,5.1,155,H
2015-05-13 09:32:00 UTC,1.3,40,L
2015-05-13 15:26:00 UTC,4.3,131,H
2015-05-13 21:22:00 UTC,0.4,12,L
2015-05-14 04:12:00 UTC,5.5,168,H
2015-05-14 10:29:00 UTC,0.6,18,L
2015-05-14 16:39:00 UTC,4.4,134,H
2015-05-14 22:16:00 UTC,0.7,21,L
2015-05-15 04:55:00 UTC,5.8,177,H
2015-05-15 11:21:00 UTC,-0.1,-3,L
2015-05-15 17:45:00 UTC,4.5,137,H
2015-05-15 23:07:00 UTC,1.0,30,L
2015-05-16 05:36:00 UTC,6.1,186,H
2015-05-16 12:09:00 UTC,-0.7,-21,L
2015-05-16 18:46:00 UTC,4.6,140,H
2015-05-16 23:56:00 UTC,1.3,40,L
2015-05-17 06:16:00 UTC,6.2,189,H
2015-05-17 12:55:00 UTC,-1.1,-34,L
2015-05-17 19:42:00 UTC,4.7,143,H
2015-05-18 00:44:00 UTC,1.6,49,L
2015-05-18 06:57:00 UTC,6.3,192,H
2015-05-18 13:40:00 UTC,-1.3,-40,L
2015-05-18 20:35:00 UTC,4.7,143,H
2015-05-19 01:32:00 UTC,1.9,58,L
2015-05-19 07:37:00 UTC,6.2,189,H
2015-05-19 14:25:00 UTC,-1.3,-40,L
2015-05-19 21:27:00 UTC,4.7,143,H
2015-05-20 02:21:00 UTC,2.1,64,L
2015-05-20 08:19:00 UTC,5.9,180,H
2015-05-20 15:09:00 UTC,-1.2,-37,L
2015-05-20 22:19:00 UTC,4.6,140,H
2015-05-21 03:12:00 UTC,2.4,73,L
2015-05-21 09:01:00 UTC,5.6,171,H
2015-05-21 15:55:00 UTC,-0.9,-27,L
2015-05-21 23:11:00 UTC,4.6,140,H
2015-05-22 04:08:00 UTC,2.5,76,L
2015-05-22 09:46:00 UTC,5.2,158,H
2015-05-22 16:42:00 UTC,-0.6,-18,L
2015-05-23 00:04:00 UTC,4.5,137,H
2015-05-23 05:11:00 UTC,2.6,79,L
2015-05-23 10:35:00 UTC,4.7,143,H
2015-05-23 17:31:00 UTC,-0.2,-6,L
2015-05-24 00:56:00 UTC,4.5,137,H
2015-05-24 06:21:00 UTC,2.6,79,L
2015-05-24 11:31:00 UTC,4.3,131,H
2015-05-24 18:23:00 UTC,0.2,6,L
2015-05-25 01:47:00 UTC,4.6,140,H
2015-05-25 07:32:00 UTC,2.4,73,L
2015-05-25 12:35:00 UTC,3.9,119,H
2015-05-25 19:16:00 UTC,0.6,18,L
2015-05-26 02:32:00 UTC,4.7,143,H
2015-05-26 08:38:00 UTC,2.0,61,L
2015-05-26 13:48:00 UTC,3.6,110,H
2015-05-26 20:10:00 UTC,0.9,27,L
2015-05-27 03:13:00 UTC,4.8,146,H
2015-05-27 09:34:00 UTC,1.6,49,L
2015-05-27 15:06:00 UTC,3.5,107,H
2015-05-27 21:01:00 UTC,1.2,37,L
2015-05-28 03:50:00 UTC,5.0,152,H
2015-05-28 10:23:00 UTC,1.1,34,L
2015-05-28 16:17:00 UTC,3.5,107,H
2015-05-28 21:48:00 UTC,1.5,46,L
2015-05-29 04:23:00 UTC,5.2,158,H
2015-05-29 11:05:00 UTC,0.7,21,L
2015-05-29 17:19:00 UTC,3.6,110,H
2015-05-29 22:32:00 UTC,1.7,52,L
2015-05-30 04:56:00 UTC,5.4,165,H
2015-05-30 11:43:00 UTC,0.2,6,L
2015-05-30 18:13:00 UTC,3.8,116,H
2015-05-30 23:13:00 UTC,2.0,61,L
2015-05-31 05:29:00 UTC,5.5,168,H
2015-05-31 12:18:00 UTC,-0.2,-6,L
2015-05-31 19:00:00 UTC,4.0,122,H
2015-05-31 23:52:00 UTC,2.1,64,L
2015-06-01 06:03:00 UTC,5.7,174,H
2015-06-01 12:52:00 UTC,-0.6,-18,L
2015-06-01 19:45:00 UTC,4.1,125,H
2015-06-02 00:30:00 UTC,2.3,70,L
2015-06-02 06:38:00 UTC,5.8,177,H
2015-06-02 13:28:00 UTC,-0.9,-27,L
2015-06-02 20:29:00 UTC,4.2,128,H
2015-06-03 01:10:00 UTC,2.4,73,L
2015-06-03 07:15:00 UTC,5.9,180,H
2015-06-03 14:05:00 UTC,-1.1,-34,L
2015-06-03 21:12:00 UTC,4.4,134,H
2015-06-04 01:52:00 UTC,2.5,76,L
2015-06-04 07:55:00 UTC,5.9,180,H
2015-06-04 14:45:00 UTC,-1.2,-37,L
2015-06-04 21:56:00 UTC,4.4,134,H
2015-06-05 02:38:00 UTC,2.6,79,L
2015-06-05 08:38:00 UTC,5.7,174,H
2015-06-05 15:28:00 UTC,-1.2,-37,L
2015-06-05 22:42:00 UTC,4.5,137,H
2015-06-06 03:31:00 UTC,2.6,79,L
2015-06-06 09:26:00 UTC,5.5,168,H
2015-06-06 16:14:00 UTC,-1.0,-30,L
2015-06-06 23:30:00 UTC,4.7,143,H
2015-06-07 04:32:00 UTC,2.6,79,L
2015-06-07 10:20:00 UTC,5.2,158,H
2015-06-07 17:04:00 UTC,-0.7,-21,L
2015-06-08 00:20:00 UTC,4.8,146,H
2015-06-08 05:43:00 UTC,2.4,73,L
2015-06-08 11:22:00 UTC,4.7,143,H
2015-06-08 17:57:00 UTC,-0.3,-9,L
2015-06-09 01:10:00 UTC,5.1,155,H
2015-06-09 06:59:00 UTC,2.1,64,L
2015-06-09 12:35:00 UTC,4.3,131,H
2015-06-09 18:53:00 UTC,0.1,3,L
2015-06-10 02:00:00 UTC,5.3,162,H
2015-06-10 08:13:00 UTC,1.5,46,L
2015-06-10 13:57:00 UTC,4.0,122,H
2015-06-10 19:51:00 UTC,0.6,18,L
2015-06-11 02:49:00 UTC,5.6,171,H
2015-06-11 09:20:00 UTC,0.9,27,L
2015-06-11 15:22:00 UTC,3.9,119,H
2015-06-11 20:50:00 UTC,1.0,30,L
2015-06-12 03:36:00 UTC,5.9,180,H
2015-06-12 10:19:00 UTC,0.2,6,L
2015-06-12 16:40:00 UTC,4.0,122,H
2015-06-12 21:47:00 UTC,1.4,43,L
2015-06-13 04:22:00 UTC,6.1,186,H
2015-06-13 11:12:00 UTC,-0.4,-12,L
2015-06-13 17:48:00 UTC,4.2,128,H
2015-06-13 22:42:00 UTC,1.7,52,L
2015-06-14 05:07:00 UTC,6.3,192,H
2015-06-14 12:00:00 UTC,-0.8,-24,L
2015-06-14 18:48:00 UTC,4.4,134,H
2015-06-14 23:34:00 UTC,2.0,61,L
2015-06-15 05:50:00 UTC,6.4,195,H
2015-06-15 12:45:00 UTC,-1.1,-34,L
2015-06-15 19:41:00 UTC,4.6,140,H
2015-06-16 00:25:00 UTC,2.2,67,L
2015-06-16 06:33:00 UTC,6.3,192,H
2015-06-16 13:28:00 UTC,-1.2,-37,L
2015-06-16 20:30:00 UTC,4.7,143,H
2015-06-17 01:14:00 UTC,2.3,70,L
2015-06-17 07:14:00 UTC,6.2,189,H
2015-06-17 14:09:00 UTC,-1.2,-37,L
2015-06-17 21:17:00 UTC,4.7,143,H
2015-06-18 02:03:00 UTC,2.4,73,L
2015-06-18 07:55:00 UTC,5.9,180,H
2015-06-18 14:49:00 UTC,-1.0,-30,L
2015-06-18 22:01:00 UTC,4.7,143,H
2015-06-19 02:52:00 UTC,2.5,76,L
2015-06-19 08:36:00 UTC,5.6,171,H
2015-06-19 15:29:00 UTC,-0.8,-24,L
2015-06-19 22:44:00 UTC,4.7,143,H
2015-06-20 03:43:00 UTC,2.6,79,L
2015-06-20 09:18:00 UTC,5.2,158,H
2015-06-20 16:10:00 UTC,-0.4,-12,L
2015-06-20 23:25:00 UTC,4.7,143,H
2015-06-21 04:39:00 UTC,2.6,79,L
2015-06-21 10:03:00 UTC,4.8,146,H
2015-06-21 16:51:00 UTC,0.0,0,L
2015-06-22 00:06:00 UTC,4.7,143,H
2015-06-22 05:39:00 UTC,2.5,76,L
2015-06-22 10:53:00 UTC,4.3,131,H
2015-06-22 17:34:00 UTC,0.4,12,L
2015-06-23 00:47:00 UTC,4.8,146,H
2015-06-23 06:44:00 UTC,2.4,73,L
2015-06-23 11:50:00 UTC,3.9,119,H
2015-06-23 18:20:00 UTC,0.8,24,L
2015-06-24 01:28:00 UTC,4.9,149,H
2015-06-24 07:50:00 UTC,2.1,64,L
2015-06-24 12:59:00 UTC,3.5,107,H
2015-06-24 19:09:00 UTC,1.3,40,L
2015-06-25 02:08:00 UTC,5.0,152,H
2015-06-25 08:50:00 UTC,1.7,52,L
2015-06-25 14:21:00 UTC,3.3,101,H
2015-06-25 20:01:00 UTC,1.7,52,L
2015-06-26 02:48:00 UTC,5.2,158,H
2015-06-26 09:43:00 UTC,1.2,37,L
2015-06-26 15:46:00 UTC,3.3,101,H
2015-06-26 20:53:00 UTC,2.0,61,L
2015-06-27 03:28:00 UTC,5.4,165,H
2015-06-27 10:30:00 UTC,0.7,21,L
2015-06-27 16:59:00 UTC,3.5,107,H
2015-06-27 21:44:00 UTC,2.3,70,L
2015-06-28 04:09:00 UTC,5.6,171,H
2015-06-28 11:11:00 UTC,0.2,6,L
2015-06-28 17:57:00 UTC,3.7,113,H
2015-06-28 22:33:00 UTC,2.4,73,L
2015-06-29 04:49:00 UTC,5.8,177,H
2015-06-29 11:50:00 UTC,-0.2,-6,L
2015-06-29 18:46:00 UTC,4.0,122,H
2015-06-29 23:18:00 UTC,2.5,76,L
2015-06-30 05:30:00 UTC,6.0,183,H
2015-06-30 12:28:00 UTC,-0.6,-18,L
2015-06-30 19:29:00 UTC,4.2,128,H
2015-07-01 00:03:00 UTC,2.6,79,L
2015-07-01 06:11:00 UTC,6.2,189,H
2015-07-01 13:06:00 UTC,-1.0,-30,L
2015-07-01 20:11:00 UTC,4.4,134,H
2015-07-02 00:48:00 UTC,2.6,79,L
2015-07-02 06:54:00 UTC,6.3,192,H
2015-07-02 13:46:00 UTC,-1.2,-37,L
2015-07-02 20:51:00 UTC,4.6,140,H
2015-07-03 01:34:00 UTC,2.5,76,L
2015-07-03 07:39:00 UTC,6.3,192,H
2015-07-03 14:27:00 UTC,-1.2,-37,L
2015-07-03 21:32:00 UTC,4.8,146,H
2015-07-04 02:24:00 UTC,2.4,73,L
2015-07-04 08:26:00 UTC,6.1,186,H
2015-07-04 15:09:00 UTC,-1.1,-34,L
2015-07-04 22:14:00 UTC,5.0,152,H
2015-07-05 03:18:00 UTC,2.3,70,L
2015-07-05 09:16:00 UTC,5.8,177,H
2015-07-05 15:54:00 UTC,-0.9,-27,L
2015-07-05 22:58:00 UTC,5.2,158,H
2015-07-06 04:19:00 UTC,2.2,67,L
2015-07-06 10:12:00 UTC,5.4,165,H
2015-07-06 16:41:00 UTC,-0.5,-15,L
2015-07-06 23:43:00 UTC,5.4,165,H
2015-07-07 05:26:00 UTC,1.9,58,L
2015-07-07 11:15:00 UTC,4.8,146,H
2015-07-07 17:31:00 UTC,0.1,3,L
2015-07-08 00:31:00 UTC,5.6,171,H
2015-07-08 06:39:00 UTC,1.6,49,L
2015-07-08 12:28:00 UTC,4.3,131,H
2015-07-08 18:26:00 UTC,0.7,21,L
2015-07-09 01:21:00 UTC,5.8,177,H
2015-07-09 07:53:00 UTC,1.2,37,L
2015-07-09 13:53:00 UTC,3.9,119,H
2015-07-09 19:24:00 UTC,1.2,37,L
2015-07-10 02:13:00 UTC,6.0,183,H
2015-07-10 09:03:00 UTC,0.6,18,L
2015-07-10 15:22:00 UTC,3.9,119,H
2015-07-10 20:26:00 UTC,1.7,52,L
2015-07-11 03:05:00 UTC,6.1,186,H
2015-07-11 10:06:00 UTC,0.1,3,L
2015-07-11 16:42:00 UTC,4.0,122,H
2015-07-11 21:28:00 UTC,2.1,64,L
2015-07-12 03:56:00 UTC,6.3,192,H
2015-07-12 11:01:00 UTC,-0.3,-9,L
2015-07-12 17:48:00 UTC,4.2,128,H
2015-07-12 22:27:00 UTC,2.3,70,L
2015-07-13 04:46:00 UTC,6.3,192,H
2015-07-13 11:50:00 UTC,-0.6,-18,L
2015-07-13 18:43:00 UTC,4.5,137,H
2015-07-13 23:22:00 UTC,2.4,73,L
2015-07-14 05:33:00 UTC,6.3,192,H
2015-07-14 12:33:00 UTC,-0.7,-21,L
2015-07-14 19:31:00 UTC,4.7,143,H
2015-07-15 00:13:00 UTC,2.5,76,L
2015-07-15 06:17:00 UTC,6.3,192,H
2015-07-15 13:13:00 UTC,-0.8,-24,L
2015-07-15 20:14:00 UTC,4.8,146,H
2015-07-16 01:01:00 UTC,2.5,76,L
2015-07-16 06:58:00 UTC,6.1,186,H
2015-07-16 13:51:00 UTC,-0.7,-21,L
2015-07-16 20:53:00 UTC,4.9,149,H
2015-07-17 01:46:00 UTC,2.5,76,L
2015-07-17 07:38:00 UTC,5.9,180,H
2015-07-17 14:27:00 UTC,-0.5,-15,L
2015-07-17 21:30:00 UTC,4.9,149,H
2015-07-18 02:30:00 UTC,2.5,76,L
2015-07-18 08:17:00 UTC,5.6,171,H
2015-07-18 15:02:00 UTC,-0.3,-9,L
2015-07-18 22:04:00 UTC,4.9,149,H
2015-07-19 03:15:00 UTC,2.4,73,L
2015-07-19 08:56:00 UTC,5.3,162,H
2015-07-19 15:37:00 UTC,0.0,0,L
2015-07-19 22:37:00 UTC,4.9,149,H
2015-07-20 04:02:00 UTC,2.4,73,L
2015-07-20 09:38:00 UTC,4.9,149,H
2015-07-20 16:12:00 UTC,0.4,12,L
2015-07-20 23:10:00 UTC,4.9,149,H
2015-07-21 04:53:00 UTC,2.3,70,L
2015-07-21 10:23:00 UTC,4.5,137,H
2015-07-21 16:49:00 UTC,0.8,24,L
2015-07-21 23:45:00 UTC,5.0,152,H
2015-07-22 05:49:00 UTC,2.2,67,L
2015-07-22 11:15:00 UTC,4.0,122,H
2015-07-22 17:30:00 UTC,1.3,40,L
2015-07-23 00:23:00 UTC,5.1,155,H
2015-07-23 06:50:00 UTC,2.0,61,L
2015-07-23 12:20:00 UTC,3.6,110,H
2015-07-23 18:14:00 UTC,1.7,52,L
2015-07-24 01:05:00 UTC,5.2,158,H
2015-07-24 07:54:00 UTC,1.7,52,L
2015-07-24 13:42:00 UTC,3.4,104,H
2015-07-24 19:07:00 UTC,2.2,67,L
2015-07-25 01:50:00 UTC,5.3,162,H
2015-07-25 08:54:00 UTC,1.3,40,L
2015-07-25 15:15:00 UTC,3.4,104,H
2015-07-25 20:06:00 UTC,2.5,76,L
2015-07-26 02:38:00 UTC,5.5,168,H
2015-07-26 09:47:00 UTC,0.8,24,L
2015-07-26 16:34:00 UTC,3.6,110,H
2015-07-26 21:06:00 UTC,2.7,82,L
2015-07-27 03:27:00 UTC,5.7,174,H
2015-07-27 10:35:00 UTC,0.4,12,L
2015-07-27 17:33:00 UTC,3.9,119,H
2015-07-27 22:02:00 UTC,2.8,85,L
2015-07-28 04:15:00 UTC,5.9,180,H
2015-07-28 11:19:00 UTC,-0.1,-3,L
2015-07-28 18:20:00 UTC,4.2,128,H
2015-07-28 22:54:00 UTC,2.7,82,L
2015-07-29 05:03:00 UTC,6.2,189,H
2015-07-29 12:01:00 UTC,-0.5,-15,L
2015-07-29 19:01:00 UTC,4.5,137,H
2015-07-29 23:42:00 UTC,2.6,79,L
2015-07-30 05:51:00 UTC,6.4,195,H
2015-07-30 12:42:00 UTC,-0.8,-24,L
2015-07-30 19:40:00 UTC,4.8,146,H
2015-07-31 00:30:00 UTC,2.4,73,L
2015-07-31 06:39:00 UTC,6.5,198,H
2015-07-31 13:22:00 UTC,-0.9,-27,L
2015-07-31 20:18:00 UTC,5.0,152,H
2015-08-01 01:19:00 UTC,2.1,64,L
2015-08-01 07:27:00 UTC,6.5,198,H
2015-08-01 14:04:00 UTC,-0.9,-27,L
2015-08-01 20:56:00 UTC,5.3,162,H
2015-08-02 02:09:00 UTC,1.9,58,L
2015-08-02 08:17:00 UTC,6.3,192,H
2015-08-02 14:46:00 UTC,-0.7,-21,L
2015-08-02 21:36:00 UTC,5.5,168,H
2015-08-03 03:03:00 UTC,1.7,52,L
2015-08-03 09:10:00 UTC,5.9,180,H
2015-08-03 15:30:00 UTC,-0.4,-12,L
2015-08-03 22:18:00 UTC,5.7,174,H
2015-08-04 04:01:00 UTC,1.5,46,L
2015-08-04 10:08:00 UTC,5.4,165,H
2015-08-04 16:17:00 UTC,0.2,6,L
2015-08-04 23:03:00 UTC,5.9,180,H
2015-08-05 05:05:00 UTC,1.3,40,L
2015-08-05 11:12:00 UTC,4.9,149,H
2015-08-05 17:07:00 UTC,0.8,24,L
2015-08-05 23:51:00 UTC,6.0,183,H
2015-08-06 06:14:00 UTC,1.1,34,L
2015-08-06 12:27:00 UTC,4.4,134,H
2015-08-06 18:02:00 UTC,1.4,43,L
2015-08-07 00:43:00 UTC,6.0,183,H
2015-08-07 07:28:00 UTC,0.8,24,L
2015-08-07 13:53:00 UTC,4.1,125,H
2015-08-07 19:05:00 UTC,1.9,58,L
2015-08-08 01:39:00 UTC,6.0,183,H
2015-08-08 08:41:00 UTC,0.5,15,L
2015-08-08 15:21:00 UTC,4.1,125,H
2015-08-08 20:13:00 UTC,2.3,70,L
2015-08-09 02:38:00 UTC,6.0,183,H
2015-08-09 09:47:00 UTC,0.2,6,L
2015-08-09 16:36:00 UTC,4.3,131,H
2015-08-09 21:21:00 UTC,2.5,76,L
2015-08-10 03:36:00 UTC,6.1,186,H
2015-08-10 10:45:00 UTC,0.0,0,L
2015-08-10 17:36:00 UTC,4.5,137,H
2015-08-10 22:23:00 UTC,2.5,76,L
2015-08-11 04:30:00 UTC,6.1,186,H
2015-08-11 11:33:00 UTC,-0.2,-6,L
2015-08-11 18:26:00 UTC,4.7,143,H
2015-08-11 23:17:00 UTC,2.5,76,L
2015-08-12 05:20:00 UTC,6.1,186,H
2015-08-12 12:16:00 UTC,-0.2,-6,L
2015-08-12 19:08:00 UTC,4.9,149,H
2015-08-13 00:05:00 UTC,2.4,73,L
2015-08-13 06:05:00 UTC,6.0,183,H
2015-08-13 12:53:00 UTC,-0.2,-6,L
2015-08-13 19:45:00 UTC,5.0,152,H
2015-08-14 00:48:00 UTC,2.3,70,L
2015-08-14 06:46:00 UTC,5.9,180,H
2015-08-14 13:27:00 UTC,-0.1,-3,L
2015-08-14 20:18:00 UTC,5.0,152,H
2015-08-15 01:28:00 UTC,2.1,64,L
2015-08-15 07:25:00 UTC,5.7,174,H
2015-08-15 13:59:00 UTC,0.1,3,L
2015-08-15 20:47:00 UTC,5.0,152,H
2015-08-16 02:07:00 UTC,2.0,61,L
2015-08-16 08:03:00 UTC,5.5,168,H
2015-08-16 14:31:00 UTC,0.4,12,L
2015-08-16 21:15:00 UTC,5.1,155,H
2015-08-17 02:46:00 UTC,2.0,61,L
2015-08-17 08:40:00 UTC,5.2,158,H
2015-08-17 15:02:00 UTC,0.7,21,L
2015-08-17 21:43:00 UTC,5.1,155,H
2015-08-18 03:26:00 UTC,1.9,58,L
2015-08-18 09:20:00 UTC,4.9,149,H
2015-08-18 15:34:00 UTC,1.0,30,L
2015-08-18 22:13:00 UTC,5.1,155,H
2015-08-19 04:09:00 UTC,1.8,55,L
2015-08-19 10:04:00 UTC,4.5,137,H
2015-08-19 16:08:00 UTC,1.4,43,L
2015-08-19 22:46:00 UTC,5.1,155,H
2015-08-20 04:56:00 UTC,1.7,52,L
2015-08-20 10:54:00 UTC,4.1,125,H
2015-08-20 16:45:00 UTC,1.8,55,L
2015-08-20 23:23:00 UTC,5.1,155,H
2015-08-21 05:51:00 UTC,1.6,49,L
2015-08-21 11:56:00 UTC,3.8,116,H
2015-08-21 17:28:00 UTC,2.3,70,L
2015-08-22 00:07:00 UTC,5.2,158,H
2015-08-22 06:53:00 UTC,1.5,46,L
2015-08-22 13:16:00 UTC,3.6,110,H
2015-08-22 18:23:00 UTC,2.6,79,L
2015-08-23 00:57:00 UTC,5.2,158,H
2015-08-23 07:58:00 UTC,1.2,37,L
2015-08-23 14:48:00 UTC,3.6,110,H
2015-08-23 19:31:00 UTC,2.9,88,L
2015-08-24 01:53:00 UTC,5.4,165,H
2015-08-24 08:59:00 UTC,0.9,27,L
2015-08-24 16:05:00 UTC,3.8,116,H
2015-08-24 20:41:00 UTC,2.9,88,L
2015-08-25 02:51:00 UTC,5.6,171,H
2015-08-25 09:55:00 UTC,0.5,15,L
2015-08-25 17:00:00 UTC,4.1,125,H
2015-08-25 21:43:00 UTC,2.8,85,L
2015-08-26 03:48:00 UTC,5.8,177,H
2015-08-26 10:44:00 UTC,0.1,3,L
2015-08-26 17:44:00 UTC,4.5,137,H
2015-08-26 22:37:00 UTC,2.6,79,L
2015-08-27 04:43:00 UTC,6.1,186,H
2015-08-27 11:29:00 UTC,-0.3,-9,L
2015-08-27 18:23:00 UTC,4.8,146,H
2015-08-27 23:27:00 UTC,2.2,67,L
2015-08-28 05:35:00 UTC,6.3,192,H
2015-08-28 12:12:00 UTC,-0.5,-15,L
2015-08-28 19:00:00 UTC,5.1,155,H
2015-08-29 00:16:00 UTC,1.8,55,L
2015-08-29 06:27:00 UTC,6.4,195,H
2015-08-29 12:55:00 UTC,-0.5,-15,L
2015-08-29 19:38:00 UTC,5.5,168,H
2015-08-30 01:04:00 UTC,1.4,43,L
2015-08-30 07:19:00 UTC,6.4,195,H
2015-08-30 13:37:00 UTC,-0.4,-12,L
2015-08-30 20:15:00 UTC,5.7,174,H
2015-08-31 01:54:00 UTC,1.0,30,L
2015-08-31 08:12:00 UTC,6.2,189,H
2015-08-31 14:20:00 UTC,-0.1,-3,L
2015-08-31 20:55:00 UTC,5.9,180,H
2015-09-01 02:46:00 UTC,0.7,21,L
2015-09-01 09:07:00 UTC,5.8,177,H
2015-09-01 15:04:00 UTC,0.4,12,L
2015-09-01 21:37:00 UTC,6.1,186,H
2015-09-02 03:41:00 UTC,0.5,15,L
2015-09-02 10:06:00 UTC,5.4,165,H
2015-09-02 15:52:00 UTC,0.9,27,L
2015-09-02 22:21:00 UTC,6.1,186,H
2015-09-03 04:41:00 UTC,0.5,15,L
2015-09-03 11:12:00 UTC,4.9,149,H
2015-09-03 16:44:00 UTC,1.5,46,L
2015-09-03 23:11:00 UTC,6.0,183,H
2015-09-04 05:47:00 UTC,0.5,15,L
2015-09-04 12:27:00 UTC,4.5,137,H
2015-09-04 17:44:00 UTC,2.0,61,L
2015-09-05 00:06:00 UTC,5.9,180,H
2015-09-05 06:59:00 UTC,0.5,15,L
2015-09-05 13:50:00 UTC,4.3,131,H
2015-09-05 18:54:00 UTC,2.4,73,L
2015-09-06 01:07:00 UTC,5.7,174,H
2015-09-06 08:12:00 UTC,0.5,15,L
2015-09-06 15:10:00 UTC,4.4,134,H
2015-09-06 20:09:00 UTC,2.6,79,L
2015-09-07 02:12:00 UTC,5.6,171,H
2015-09-07 09:20:00 UTC,0.4,12,L
2015-09-07 16:18:00 UTC,4.6,140,H
2015-09-07 21:19:00 UTC,2.6,79,L
2015-09-08 03:17:00 UTC,5.6,171,H
2015-09-08 10:18:00 UTC,0.3,9,L
2015-09-08 17:11:00 UTC,4.8,146,H
2015-09-08 22:19:00 UTC,2.4,73,L
2015-09-09 04:16:00 UTC,5.6,171,H
2015-09-09 11:07:00 UTC,0.3,9,L
2015-09-09 17:55:00 UTC,5.0,152,H
2015-09-09 23:10:00 UTC,2.2,67,L
2015-09-10 05:08:00 UTC,5.6,171,H
2015-09-10 11:48:00 UTC,0.3,9,L
2015-09-10 18:32:00 UTC,5.1,155,H
2015-09-10 23:54:00 UTC,1.9,58,L
2015-09-11 05:54:00 UTC,5.6,171,H
2015-09-11 12:24:00 UTC,0.4,12,L
2015-09-11 19:04:00 UTC,5.1,155,H
2015-09-12 00:33:00 UTC,1.7,52,L
2015-09-12 06:36:00 UTC,5.5,168,H
2015-09-12 12:56:00 UTC,0.6,18,L
2015-09-12 19:33:00 UTC,5.2,158,H
2015-09-13 01:10:00 UTC,1.5,46,L
2015-09-13 07:15:00 UTC,5.4,165,H
2015-09-13 13:27:00 UTC,0.8,24,L
2015-09-13 19:58:00 UTC,5.2,158,H
2015-09-14 01:44:00 UTC,1.4,43,L
2015-09-14 07:52:00 UTC,5.2,158,H
2015-09-14 13:56:00 UTC,1.0,30,L
2015-09-14 20:23:00 UTC,5.2,158,H
2015-09-15 02:19:00 UTC,1.2,37,L
2015-09-15 08:30:00 UTC,5.0,152,H
2015-09-15 14:26:00 UTC,1.3,40,L
2015-09-15 20:50:00 UTC,5.2,158,H
2015-09-16 02:54:00 UTC,1.1,34,L
2015-09-16 09:10:00 UTC,4.7,143,H
2015-09-16 14:57:00 UTC,1.7,52,L
2015-09-16 21:19:00 UTC,5.2,158,H
2015-09-17 03:32:00 UTC,1.1,34,L
2015-09-17 09:55:00 UTC,4.4,134,H
2015-09-17 15:30:00 UTC,2.0,61,L
2015-09-17 21:52:00 UTC,5.2,158,H
2015-09-18 04:15:00 UTC,1.0,30,L
2015-09-18 10:46:00 UTC,4.2,128,H
2015-09-18 16:07:00 UTC,2.4,73,L
2015-09-18 22:30:00 UTC,5.2,158,H
2015-09-19 05:04:00 UTC,1.0,30,L
2015-09-19 11:47:00 UTC,4.0,122,H
2015-09-19 16:53:00 UTC,2.7,82,L
2015-09-19 23:15:00 UTC,5.1,155,H
2015-09-20 06:01:00 UTC,1.0,30,L
2015-09-20 13:02:00 UTC,3.8,116,H
2015-09-20 17:54:00 UTC,3.0,91,L
2015-09-21 00:10:00 UTC,5.1,155,H
2015-09-21 07:06:00 UTC,0.9,27,L
2015-09-21 14:22:00 UTC,3.9,119,H
2015-09-21 19:11:00 UTC,3.1,94,L
2015-09-22 01:12:00 UTC,5.1,155,H
2015-09-22 08:12:00 UTC,0.7,21,L
2015-09-22 15:29:00 UTC,4.1,125,H
2015-09-22 20:26:00 UTC,2.9,88,L
2015-09-23 02:19:00 UTC,5.2,158,H
2015-09-23 09:12:00 UTC,0.4,12,L
2015-09-23 16:20:00 UTC,4.5,137,H
2015-09-23 21:30:00 UTC,2.6,79,L
2015-09-24 03:25:00 UTC,5.4,165,H
2015-09-24 10:06:00 UTC,0.2,6,L
2015-09-24 17:03:00 UTC,4.8,146,H
2015-09-24 22:24:00 UTC,2.1,64,L
2015-09-25 04:26:00 UTC,5.7,174,H
2015-09-25 10:54:00 UTC,0.0,0,L
2015-09-25 17:41:00 UTC,5.2,158,H
2015-09-25 23:15:00 UTC,1.5,46,L
2015-09-26 05:24:00 UTC,5.9,180,H
2015-09-26 11:40:00 UTC,0.0,0,L
2015-09-26 18:19:00 UTC,5.6,171,H
2015-09-27 00:03:00 UTC,0.9,27,L
2015-09-27 06:20:00 UTC,6.0,183,H
2015-09-27 12:24:00 UTC,0.1,3,L
2015-09-27 18:56:00 UTC,5.9,180,H
2015-09-28 00:51:00 UTC,0.4,12,L
2015-09-28 07:14:00 UTC,5.9,180,H
2015-09-28 13:08:00 UTC,0.3,9,L
2015-09-28 19:34:00 UTC,6.1,186,H
2015-09-29 01:39:00 UTC,0.0,0,L
2015-09-29 08:09:00 UTC,5.8,177,H
2015-09-29 13:52:00 UTC,0.7,21,L
2015-09-29 20:14:00 UTC,6.3,192,H
2015-09-30 02:29:00 UTC,-0.3,-9,L
2015-09-30 09:06:00 UTC,5.5,168,H
2015-09-30 14:38:00 UTC,1.2,37,L
2015-09-30 20:57:00 UTC,6.3,192,H
2015-10-01 03:21:00 UTC,-0.4,-12,L
2015-10-01 10:05:00 UTC,5.2,158,H
2015-10-01 15:28:00 UTC,1.7,52,L
2015-10-01 21:42:00 UTC,6.1,186,H
2015-10-02 04:17:00 UTC,-0.3,-9,L
2015-10-02 11:10:00 UTC,4.8,146,H
2015-10-02 16:23:00 UTC,2.1,64,L
2015-10-02 22:32:00 UTC,5.9,180,H
2015-10-03 05:18:00 UTC,-0.1,-3,L
2015-10-03 12:22:00 UTC,4.6,140,H
2015-10-03 17:29:00 UTC,2.5,76,L
2015-10-03 23:28:00 UTC,5.6,171,H
2015-10-04 06:25:00 UTC,0.2,6,L
2015-10-04 13:37:00 UTC,4.6,140,H
2015-10-04 18:45:00 UTC,2.7,82,L
2015-10-05 00:33:00 UTC,5.3,162,H
2015-10-05 07:35:00 UTC,0.4,12,L
2015-10-05 14:48:00 UTC,4.6,140,H
2015-10-05 20:03:00 UTC,2.6,79,L
2015-10-06 01:43:00 UTC,5.0,152,H
2015-10-06 08:41:00 UTC,0.5,15,L
2015-10-06 15:47:00 UTC,4.8,146,H
2015-10-06 21:12:00 UTC,2.4,73,L
2015-10-07 02:53:00 UTC,4.9,149,H
2015-10-07 09:39:00 UTC,0.6,18,L
2015-10-07 16:35:00 UTC,5.0,152,H
2015-10-07 22:10:00 UTC,2.1,64,L
2015-10-08 03:57:00 UTC,4.9,149,H
2015-10-08 10:28:00 UTC,0.7,21,L
2015-10-08 17:15:00 UTC,5.1,155,H
2015-10-08 22:58:00 UTC,1.7,52,L
2015-10-09 04:53:00 UTC,4.9,149,H
2015-10-09 11:10:00 UTC,0.8,24,L
2015-10-09 17:49:00 UTC,5.2,158,H
2015-10-09 23:39:00 UTC,1.4,43,L
2015-10-10 05:41:00 UTC,5.0,152,H
2015-10-10 11:46:00 UTC,1.0,30,L
2015-10-10 18:18:00 UTC,5.3,162,H
2015-10-11 00:16:00 UTC,1.1,34,L
2015-10-11 06:25:00 UTC,4.9,149,H
2015-10-11 12:19:00 UTC,1.2,37,L
2015-10-11 18:44:00 UTC,5.4,165,H
2015-10-12 00:50:00 UTC,0.8,24,L
2015-10-12 07:06:00 UTC,4.9,149,H
2015-10-12 12:51:00 UTC,1.4,43,L
2015-10-12 19:09:00 UTC,5.4,165,H
2015-10-13 01:22:00 UTC,0.6,18,L
2015-10-13 07:46:00 UTC,4.8,146,H
2015-10-13 13:21:00 UTC,1.7,52,L
2015-10-13 19:35:00 UTC,5.4,165,H
2015-10-14 01:55:00 UTC,0.4,12,L
2015-10-14 08:26:00 UTC,4.7,143,H
2015-10-14 13:52:00 UTC,1.9,58,L
2015-10-14 20:02:00 UTC,5.4,165,H
2015-10-15 02:28:00 UTC,0.3,9,L
2015-10-15 09:08:00 UTC,4.5,137,H
2015-10-15 14:24:00 UTC,2.2,67,L
2015-10-15 20:33:00 UTC,5.4,165,H
2015-10-16 03:04:00 UTC,0.2,6,L
2015-10-16 09:53:00 UTC,4.4,134,H
2015-10-16 14:58:00 UTC,2.5,76,L
2015-10-16 21:07:00 UTC,5.3,162,H
2015-10-17 03:44:00 UTC,0.2,6,L
2015-10-17 10:44:00 UTC,4.2,128,H
2015-10-17 15:38:00 UTC,2.8,85,L
2015-10-17 21:46:00 UTC,5.2,158,H
2015-10-18 04:31:00 UTC,0.3,9,L
2015-10-18 11:43:00 UTC,4.1,125,H
2015-10-18 16:29:00 UTC,3.0,91,L
2015-10-18 22:34:00 UTC,5.1,155,H
2015-10-19 05:24:00 UTC,0.3,9,L
2015-10-19 12:47:00 UTC,4.1,125,H
2015-10-19 17:36:00 UTC,3.1,94,L
2015-10-19 23:31:00 UTC,4.9,149,H
2015-10-20 06:25:00 UTC,0.4,12,L
2015-10-20 13:52:00 UTC,4.3,131,H
2015-10-20 18:57:00 UTC,3.0,91,L
2015-10-21 00:39:00 UTC,4.8,146,H
2015-10-21 07:28:00 UTC,0.4,12,L
2015-10-21 14:49:00 UTC,4.5,137,H
2015-10-21 20:14:00 UTC,2.7,82,L
2015-10-22 01:53:00 UTC,4.8,146,H
2015-10-22 08:30:00 UTC,0.4,12,L
2015-10-22 15:38:00 UTC,4.9,149,H
2015-10-22 21:18:00 UTC,2.2,67,L
2015-10-23 03:06:00 UTC,4.9,149,H
2015-10-23 09:27:00 UTC,0.4,12,L
2015-10-23 16:20:00 UTC,5.2,158,H
2015-10-23 22:13:00 UTC,1.5,46,L
2015-10-24 04:14:00 UTC,5.1,155,H
2015-10-24 10:18:00 UTC,0.4,12,L
2015-10-24 17:00:00 UTC,5.6,171,H
2015-10-24 23:03:00 UTC,0.8,24,L
2015-10-25 05:18:00 UTC,5.2,158,H
2015-10-25 11:07:00 UTC,0.6,18,L
2015-10-25 17:39:00 UTC,6.0,183,H
2015-10-25 23:51:00 UTC,0.1,3,L
2015-10-26 06:17:00 UTC,5.3,162,H
2015-10-26 11:53:00 UTC,0.8,24,L
2015-10-26 18:18:00 UTC,6.3,192,H
2015-10-27 00:39:00 UTC,-0.5,-15,L
2015-10-27 07:14:00 UTC,5.4,165,H
2015-10-27 12:39:00 UTC,1.1,34,L
2015-10-27 18:58:00 UTC,6.5,198,H
2015-10-28 01:26:00 UTC,-0.9,-27,L
2015-10-28 08:09:00 UTC,5.3,162,H
2015-10-28 13:26:00 UTC,1.5,46,L
2015-10-28 19:39:00 UTC,6.5,198,H
2015-10-29 02:14:00 UTC,-1.0,-30,L
2015-10-29 09:06:00 UTC,5.2,158,H
2015-10-29 14:14:00 UTC,1.8,55,L
2015-10-29 20:22:00 UTC,6.4,195,H
2015-10-30 03:03:00 UTC,-1.0,-30,L
2015-10-30 10:03:00 UTC,5.0,152,H
2015-10-30 15:06:00 UTC,2.2,67,L
2015-10-30 21:08:00 UTC,6.1,186,H
2015-10-31 03:54:00 UTC,-0.8,-24,L
2015-10-31 11:03:00 UTC,4.9,149,H
2015-10-31 16:04:00 UTC,2.5,76,L
2015-10-31 21:57:00 UTC,5.7,174,H
2015-11-01 04:49:00 UTC,-0.5,-15,L
2015-11-01 12:07:00 UTC,4.8,146,H
2015-11-01 17:11:00 UTC,2.7,82,L
2015-11-01 22:52:00 UTC,5.3,162,H
2015-11-02 05:48:00 UTC,-0.1,-3,L
2015-11-02 13:11:00 UTC,4.7,143,H
2015-11-02 18:28:00 UTC,2.8,85,L
2015-11-02 23:55:00 UTC,4.8,146,H
2015-11-03 06:50:00 UTC,0.3,9,L
2015-11-03 14:12:00 UTC,4.8,146,H
2015-11-03 19:45:00 UTC,2.6,79,L
2015-11-04 01:05:00 UTC,4.5,137,H
2015-11-04 07:52:00 UTC,0.6,18,L
2015-11-04 15:05:00 UTC,4.9,149,H
2015-11-04 20:54:00 UTC,2.2,67,L
2015-11-05 02:20:00 UTC,4.3,131,H
2015-11-05 08:49:00 UTC,0.9,27,L
2015-11-05 15:50:00 UTC,5.1,155,H
2015-11-05 21:50:00 UTC,1.8,55,L
2015-11-06 03:31:00 UTC,4.2,128,H
2015-11-06 09:40:00 UTC,1.1,34,L
2015-11-06 16:27:00 UTC,5.2,158,H
2015-11-06 22:38:00 UTC,1.4,43,L
2015-11-07 04:33:00 UTC,4.3,131,H
2015-11-07 10:24:00 UTC,1.3,40,L
2015-11-07 17:00:00 UTC,5.4,165,H
2015-11-07 23:19:00 UTC,1.0,30,L
2015-11-08 05:27:00 UTC,4.3,131,H
2015-11-08 11:04:00 UTC,1.5,46,L
2015-11-08 17:29:00 UTC,5.5,168,H
2015-11-08 23:55:00 UTC,0.6,18,L
2015-11-09 06:15:00 UTC,4.4,134,H
2015-11-09 11:40:00 UTC,1.8,55,L
2015-11-09 17:57:00 UTC,5.6,171,H
2015-11-10 00:29:00 UTC,0.3,9,L
2015-11-10 07:00:00 UTC,4.4,134,H
2015-11-10 12:14:00 UTC,2.0,61,L
2015-11-10 18:24:00 UTC,5.6,171,H
2015-11-11 01:01:00 UTC,0.0,0,L
2015-11-11 07:42:00 UTC,4.5,137,H
2015-11-11 12:48:00 UTC,2.2,67,L
2015-11-11 18:54:00 UTC,5.7,174,H
2015-11-12 01:33:00 UTC,-0.2,-6,L
2015-11-12 08:23:00 UTC,4.5,137,H
2015-11-12 13:21:00 UTC,2.4,73,L
2015-11-12 19:25:00 UTC,5.7,174,H
2015-11-13 02:07:00 UTC,-0.3,-9,L
2015-11-13 09:05:00 UTC,4.4,134,H
2015-11-13 13:56:00 UTC,2.6,79,L
2015-11-13 19:58:00 UTC,5.7,174,H
2015-11-14 02:43:00 UTC,-0.4,-12,L
2015-11-14 09:50:00 UTC,4.4,134,H
2015-11-14 14:34:00 UTC,2.8,85,L
2015-11-14 20:35:00 UTC,5.5,168,H
2015-11-15 03:23:00 UTC,-0.4,-12,L
2015-11-15 10:38:00 UTC,4.4,134,H
2015-11-15 15:19:00 UTC,3.0,91,L
2015-11-15 21:17:00 UTC,5.4,165,H
2015-11-16 04:07:00 UTC,-0.4,-12,L
2015-11-16 11:29:00 UTC,4.4,134,H
2015-11-16 16:14:00 UTC,3.1,94,L
2015-11-16 22:05:00 UTC,5.2,158,H
2015-11-17 04:57:00 UTC,-0.2,-6,L
2015-11-17 12:22:00 UTC,4.5,137,H
2015-11-17 17:22:00 UTC,3.0,91,L
2015-11-17 23:04:00 UTC,4.9,149,H
2015-11-18 05:51:00 UTC,0.0,0,L
2015-11-18 13:16:00 UTC,4.7,143,H
2015-11-18 18:41:00 UTC,2.8,85,L
2015-11-19 00:13:00 UTC,4.6,140,H
2015-11-19 06:50:00 UTC,0.2,6,L
2015-11-19 14:07:00 UTC,5.0,152,H
2015-11-19 19:58:00 UTC,2.4,73,L
2015-11-20 01:32:00 UTC,4.4,134,H
2015-11-20 07:50:00 UTC,0.5,15,L
2015-11-20 14:55:00 UTC,5.3,162,H
2015-11-20 21:04:00 UTC,1.7,52,L
2015-11-21 02:52:00 UTC,4.4,134,H
2015-11-21 08:49:00 UTC,0.7,21,L
2015-11-21 15:40:00 UTC,5.7,174,H
2015-11-21 22:01:00 UTC,0.9,27,L
2015-11-22 04:09:00 UTC,4.5,137,H
2015-11-22 09:44:00 UTC,1.0,30,L
2015-11-22 16:23:00 UTC,6.0,183,H
2015-11-22 22:53:00 UTC,0.2,6,L
2015-11-23 05:17:00 UTC,4.6,140,H
2015-11-23 10:36:00 UTC,1.3,40,L
2015-11-23 17:05:00 UTC,6.4,195,H
2015-11-23 23:42:00 UTC,-0.5,-15,L
2015-11-24 06:19:00 UTC,4.8,146,H
2015-11-24 11:27:00 UTC,1.5,46,L
2015-11-24 17:47:00 UTC,6.6,201,H
2015-11-25 00:28:00 UTC,-1.0,-30,L
2015-11-25 07:16:00 UTC,4.9,149,H
2015-11-25 12:16:00 UTC,1.8,55,L
2015-11-25 18:29:00 UTC,6.7,204,H
2015-11-26 01:14:00 UTC,-1.3,-40,L
2015-11-26 08:10:00 UTC,5.0,152,H
2015-11-26 13:05:00 UTC,2.1,64,L
2015-11-26 19:12:00 UTC,6.6,201,H
2015-11-27 02:00:00 UTC,-1.3,-40,L
2015-11-27 09:02:00 UTC,5.0,152,H
2015-11-27 13:55:00 UTC,2.3,70,L
2015-11-27 19:55:00 UTC,6.4,195,H
2015-11-28 02:45:00 UTC,-1.2,-37,L
2015-11-28 09:54:00 UTC,5.0,152,H
2015-11-28 14:47:00 UTC,2.5,76,L
2015-11-28 20:40:00 UTC,6.1,186,H
2015-11-29 03:32:00 UTC,-0.9,-27,L
2015-11-29 10:47:00 UTC,4.9,149,H
2015-11-29 15:44:00 UTC,2.7,82,L
2015-11-29 21:27:00 UTC,5.6,171,H
2015-11-30 04:20:00 UTC,-0.6,-18,L
2015-11-30 11:39:00 UTC,4.9,149,H
2015-11-30 16:47:00 UTC,2.8,85,L
2015-11-30 22:18:00 UTC,5.1,155,H
2015-12-01 05:10:00 UTC,-0.1,-3,L
2015-12-01 12:32:00 UTC,4.9,149,H
2015-12-01 17:57:00 UTC,2.7,82,L
2015-12-01 23:15:00 UTC,4.6,140,H
2015-12-02 06:02:00 UTC,0.3,9,L
2015-12-02 13:23:00 UTC,4.9,149,H
2015-12-02 19:11:00 UTC,2.5,76,L
2015-12-03 00:20:00 UTC,4.2,128,H
2015-12-03 06:56:00 UTC,0.8,24,L
2015-12-03 14:11:00 UTC,5.0,152,H
2015-12-03 20:19:00 UTC,2.2,67,L
2015-12-04 01:35:00 UTC,3.8,116,H
2015-12-04 07:51:00 UTC,1.2,37,L
2015-12-04 14:54:00 UTC,5.2,158,H
2015-12-04 21:19:00 UTC,1.8,55,L
2015-12-05 02:55:00 UTC,3.7,113,H
2015-12-05 08:44:00 UTC,1.5,46,L
2015-12-05 15:32:00 UTC,5.3,162,H
2015-12-05 22:10:00 UTC,1.3,40,L
2015-12-06 04:10:00 UTC,3.7,113,H
2015-12-06 09:34:00 UTC,1.8,55,L
2015-12-06 16:07:00 UTC,5.5,168,H
2015-12-06 22:53:00 UTC,0.8,24,L
2015-12-07 05:12:00 UTC,3.9,119,H
2015-12-07 10:19:00 UTC,2.1,64,L
2015-12-07 16:41:00 UTC,5.6,171,H
2015-12-07 23:31:00 UTC,0.4,12,L
2015-12-08 06:05:00 UTC,4.0,122,H
2015-12-08 11:01:00 UTC,2.3,70,L
2015-12-08 17:14:00 UTC,5.8,177,H
2015-12-09 00:06:00 UTC,0.0,0,L
2015-12-09 06:52:00 UTC,4.2,128,H
2015-12-09 11:41:00 UTC,2.5,76,L
2015-12-09 17:47:00 UTC,5.9,180,H
2015-12-10 00:40:00 UTC,-0.3,-9,L
2015-12-10 07:34:00 UTC,4.3,131,H
2015-12-10 12:19:00 UTC,2.6,79,L
2015-12-10 18:22:00 UTC,6.0,183,H
2015-12-11 01:14:00 UTC,-0.5,-15,L
2015-12-11 08:15:00 UTC,4.4,134,H
2015-12-11 12:56:00 UTC,2.7,82,L
2015-12-11 18:57:00 UTC,6.0,183,H
2015-12-12 01:48:00 UTC,-0.7,-21,L
2015-12-12 08:55:00 UTC,4.5,137,H
2015-12-12 13:35:00 UTC,2.8,85,L
2015-12-12 19:35:00 UTC,6.0,183,H
2015-12-13 02:25:00 UTC,-0.8,-24,L
2015-12-13 09:35:00 UTC,4.6,140,H
2015-12-13 14:17:00 UTC,2.8,85,L
2015-12-13 20:16:00 UTC,5.9,180,H
2015-12-14 03:04:00 UTC,-0.8,-24,L
2015-12-14 10:18:00 UTC,4.7,143,H
2015-12-14 15:05:00 UTC,2.9,88,L
2015-12-14 21:00:00 UTC,5.7,174,H
2015-12-15 03:47:00 UTC,-0.7,-21,L
2015-12-15 11:02:00 UTC,4.8,146,H
2015-12-15 16:00:00 UTC,2.8,85,L
2015-12-15 21:50:00 UTC,5.3,162,H
2015-12-16 04:33:00 UTC,-0.4,-12,L
2015-12-16 11:48:00 UTC,5.0,152,H
2015-12-16 17:06:00 UTC,2.7,82,L
2015-12-16 22:48:00 UTC,4.9,149,H
2015-12-17 05:23:00 UTC,-0.1,-3,L
2015-12-17 12:36:00 UTC,5.2,158,H
2015-12-17 18:20:00 UTC,2.4,73,L
2015-12-17 23:57:00 UTC,4.5,137,H
2015-12-18 06:17:00 UTC,0.4,12,L
2015-12-18 13:25:00 UTC,5.4,165,H
2015-12-18 19:36:00 UTC,1.9,58,L
2015-12-19 01:18:00 UTC,4.2,128,H
2015-12-19 07:15:00 UTC,0.8,24,L
2015-12-19 14:14:00 UTC,5.7,174,H
2015-12-19 20:46:00 UTC,1.3,40,L
2015-12-20 02:46:00 UTC,4.0,122,H
2015-12-20 08:15:00 UTC,1.3,40,L
2015-12-20 15:03:00 UTC,6.0,183,H
2015-12-20 21:48:00 UTC,0.6,18,L
2015-12-21 04:09:00 UTC,4.1,125,H
2015-12-21 09:15:00 UTC,1.7,52,L
2015-12-21 15:51:00 UTC,6.3,192,H
2015-12-21 22:43:00 UTC,-0.1,-3,L
2015-12-22 05:20:00 UTC,4.3,131,H
2015-12-22 10:13:00 UTC,1.9,58,L
2015-12-22 16:38:00 UTC,6.5,198,H
2015-12-22 23:33:00 UTC,-0.6,-18,L
2015-12-23 06:22:00 UTC,4.6,140,H
2015-12-23 11:08:00 UTC,2.2,67,L
2015-12-23 17:24:00 UTC,6.7,204,H
2015-12-24 00:20:00 UTC,-1.0,-30,L
2015-12-24 07:16:00 UTC,4.8,146,H
2015-12-24 12:01:00 UTC,2.3,70,L
2015-12-24 18:09:00 UTC,6.7,204,H
2015-12-25 01:04:00 UTC,-1.2,-37,L
2015-12-25 08:05:00 UTC,5.0,152,H
2015-12-25 12:51:00 UTC,2.4,73,L
2015-12-25 18:54:00 UTC,6.6,201,H
2015-12-26 01:47:00 UTC,-1.2,-37,L
2015-12-26 08:51:00 UTC,5.1,155,H
2015-12-26 13:41:00 UTC,2.5,76,L
2015-12-26 19:37:00 UTC,6.4,195,H
2015-12-27 02:28:00 UTC,-1.0,-30,L
2015-12-27 09:35:00 UTC,5.1,155,H
2015-12-27 14:30:00 UTC,2.5,76,L
2015-12-27 20:20:00 UTC,6.0,183,H
2015-12-28 03:09:00 UTC,-0.8,-24,L
2015-12-28 10:18:00 UTC,5.1,155,H
2015-12-28 15:21:00 UTC,2.6,79,L
2015-12-28 21:03:00 UTC,5.6,171,H
2015-12-29 03:50:00 UTC,-0.4,-12,L
2015-12-29 11:00:00 UTC,5.0,152,H
2015-12-29 16:16:00 UTC,2.6,79,L
2015-12-29 21:49:00 UTC,5.1,155,H
2015-12-30 04:31:00 UTC,0.1,3,L
2015-12-30 11:42:00 UTC,5.0,152,H
2015-12-30 17:15:00 UTC,2.5,76,L
2015-12-30 22:38:00 UTC,4.6,140,H
2015-12-31 05:14:00 UTC,0.6,18,L
2015-12-31 12:23:00 UTC,5.0,152,H
2015-12-31 18:20:00 UTC,2.4,73,L
2015-12-31 23:35:00 UTC,4.1,125,H
