time,feet,centimeters,tide
2014-12-31 01:26:00 UTC,0.6,18,L
2014-12-31 08:51:00 UTC,6.1,186,H
2014-12-31 12:32:00 UTC,5.0,152,L
2014-12-31 18:35:00 UTC,8.2,250,H
2015-01-01 02:16:00 UTC,0.1,3,L
2015-01-01 09:53:00 UTC,6.8,207,H
2015-01-01 13:46:00 UTC,5.4,165,L
2015-01-01 19:26:00 UTC,8.0,244,H
2015-01-02 02:58:00 UTC,-0.5,-15,L
2015-01-02 10:46:00 UTC,7.5,229,H
2015-01-02 14:54:00 UTC,5.8,177,L
2015-01-02 20:08:00 UTC,7.8,238,H
2015-01-03 03:36:00 UTC,-0.8,-24,L
2015-01-03 11:31:00 UTC,8.0,244,H
2015-01-03 15:54:00 UTC,6.0,183,L
2015-01-03 20:50:00 UTC,7.7,235,H
2015-01-04 04:13:00 UTC,-1.0,-30,L
2015-01-04 12:10:00 UTC,8.2,250,H
2015-01-04 16:46:00 UTC,6.0,183,L
2015-01-04 21:31:00 UTC,7.4,226,H
2015-01-05 04:48:00 UTC,-1.0,-30,L
2015-01-05 12:46:00 UTC,8.4,256,H
2015-01-05 17:34:00 UTC,5.8,177,L
2015-01-05 22:12:00 UTC,7.2,219,H
2015-01-06 05:24:00 UTC,-0.8,-24,L
2015-01-06 13:19:00 UTC,8.4,256,H
2015-01-06 18:19:00 UTC,5.6,171,L
2015-01-06 22:54:00 UTC,6.9,210,H
2015-01-07 06:00:00 UTC,-0.6,-18,L
2015-01-07 13:48:00 UTC,8.3,253,H
2015-01-07 19:05:00 UTC,5.4,165,L
2015-01-07 23:37:00 UTC,6.6,201,H
2015-01-08 06:36:00 UTC,-0.2,-6,L
2015-01-08 14:16:00 UTC,8.3,253,H
2015-01-08 19:54:00 UTC,5.0,152,L
2015-01-09 00:24:00 UTC,6.2,189,H
2015-01-09 07:13:00 UTC,0.4,12,L
2015-01-09 14:42:00 UTC,8.2,250,H
2015-01-09 20:44:00 UTC,4.6,140,L
2015-01-10 01:15:00 UTC,5.8,177,H
2015-01-10 07:51:00 UTC,1.1,34,L
2015-01-10 15:09:00 UTC,8.2,250,H
2015-01-10 21:37:00 UTC,4.1,125,L
2015-01-11 02:13:00 UTC,5.4,165,H
2015-01-11 08:28:00 UTC,1.9,58,L
2015-01-11 15:38:00 UTC,8.1,247,H
2015-01-11 22:30:00 UTC,3.5,107,L
2015-01-12 03:19:00 UTC,5.0,152,H
2015-01-12 09:06:00 UTC,2.8,85,L
2015-01-12 16:09:00 UTC,8.0,244,H
2015-01-12 23:21:00 UTC,2.9,88,L
2015-01-13 04:43:00 UTC,4.7,143,H
2015-01-13 09:49:00 UTC,3.7,113,L
2015-01-13 16:41:00 UTC,7.9,241,H
2015-01-14 00:09:00 UTC,2.2,67,L
2015-01-14 07:04:00 UTC,4.9,149,H
2015-01-14 10:44:00 UTC,4.6,140,L
2015-01-14 17:17:00 UTC,7.8,238,H
2015-01-15 00:54:00 UTC,1.4,43,L
2015-01-15 09:12:00 UTC,5.6,171,H
2015-01-15 11:56:00 UTC,5.4,165,L
2015-01-15 17:55:00 UTC,7.7,235,H
2015-01-16 01:37:00 UTC,0.7,21,L
2015-01-16 10:02:00 UTC,6.3,192,H
2015-01-16 13:11:00 UTC,5.9,180,L
2015-01-16 18:37:00 UTC,7.7,235,H
2015-01-17 02:19:00 UTC,-0.1,-3,L
2015-01-17 10:37:00 UTC,7.0,213,H
2015-01-17 14:16:00 UTC,6.1,186,L
2015-01-17 19:23:00 UTC,7.8,238,H
2015-01-18 03:01:00 UTC,-0.9,-27,L
2015-01-18 11:09:00 UTC,7.5,229,H
2015-01-18 15:12:00 UTC,6.1,186,L
2015-01-18 20:13:00 UTC,7.8,238,H
2015-01-19 03:43:00 UTC,-1.5,-46,L
2015-01-19 11:40:00 UTC,7.9,241,H
2015-01-19 16:03:00 UTC,5.9,180,L
2015-01-19 21:06:00 UTC,7.9,241,H
2015-01-20 04:26:00 UTC,-1.8,-55,L
2015-01-20 12:12:00 UTC,8.2,250,H
2015-01-20 16:52:00 UTC,5.6,171,L
2015-01-20 22:01:00 UTC,7.8,238,H
2015-01-21 05:10:00 UTC,-1.9,-58,L
2015-01-21 12:46:00 UTC,8.5,259,H
2015-01-21 17:43:00 UTC,5.1,155,L
2015-01-21 22:58:00 UTC,7.6,232,H
2015-01-22 05:54:00 UTC,-1.6,-49,L
2015-01-22 13:20:00 UTC,8.6,262,H
2015-01-22 18:37:00 UTC,4.5,137,L
2015-01-22 23:58:00 UTC,7.3,223,H
2015-01-23 06:39:00 UTC,-1.0,-30,L
2015-01-23 13:56:00 UTC,8.7,265,H
2015-01-23 19:33:00 UTC,3.8,116,L
2015-01-24 01:01:00 UTC,6.8,207,H
2015-01-24 07:25:00 UTC,-0.1,-3,L
2015-01-24 14:33:00 UTC,8.7,265,H
2015-01-24 20:34:00 UTC,3.1,94,L
2015-01-25 02:09:00 UTC,6.3,192,H
2015-01-25 08:12:00 UTC,1.0,30,L
2015-01-25 15:10:00 UTC,8.7,265,H
2015-01-25 21:38:00 UTC,2.4,73,L
2015-01-26 03:27:00 UTC,5.7,174,H
2015-01-26 09:02:00 UTC,2.3,70,L
2015-01-26 15:49:00 UTC,8.5,259,H
2015-01-26 22:44:00 UTC,1.8,55,L
2015-01-27 05:05:00 UTC,5.5,168,H
2015-01-27 09:57:00 UTC,3.5,107,L
2015-01-27 16:30:00 UTC,8.3,253,H
2015-01-27 23:50:00 UTC,1.2,37,L
2015-01-28 07:06:00 UTC,5.7,174,H
2015-01-28 11:04:00 UTC,4.6,140,L
2015-01-28 17:14:00 UTC,8.0,244,H
2015-01-29 00:53:00 UTC,0.6,18,L
2015-01-29 08:40:00 UTC,6.4,195,H
2015-01-29 12:24:00 UTC,5.4,165,L
2015-01-29 18:03:00 UTC,7.7,235,H
2015-01-30 01:49:00 UTC,0.2,6,L
2015-01-30 09:44:00 UTC,7.1,216,H
2015-01-30 13:48:00 UTC,5.8,177,L
2015-01-30 18:56:00 UTC,7.5,229,H
2015-01-31 02:38:00 UTC,0.0,0,L
2015-01-31 10:32:00 UTC,7.6,232,H
2015-01-31 15:03:00 UTC,5.9,180,L
2015-01-31 19:50:00 UTC,7.3,223,H
2015-02-01 03:20:00 UTC,-0.2,-6,L
2015-02-01 11:12:00 UTC,7.9,241,H
2015-02-01 16:01:00 UTC,5.7,174,L
2015-02-01 20:41:00 UTC,7.1,216,H
2015-02-02 03:58:00 UTC,-0.2,-6,L
2015-02-02 11:47:00 UTC,8.0,244,H
2015-02-02 16:43:00 UTC,5.5,168,L
2015-02-02 21:28:00 UTC,7.0,213,H
2015-02-03 04:33:00 UTC,-0.2,-6,L
2015-02-03 12:17:00 UTC,8.0,244,H
2015-02-03 17:19:00 UTC,5.2,158,L
2015-02-03 22:12:00 UTC,6.9,210,H
2015-02-04 05:07:00 UTC,0.0,0,L
2015-02-04 12:42:00 UTC,8.0,244,H
2015-02-04 17:54:00 UTC,4.8,146,L
2015-02-04 22:55:00 UTC,6.8,207,H
2015-02-05 05:41:00 UTC,0.2,6,L
2015-02-05 13:04:00 UTC,8.0,244,H
2015-02-05 18:30:00 UTC,4.4,134,L
2015-02-05 23:39:00 UTC,6.6,201,H
2015-02-06 06:15:00 UTC,0.6,18,L
2015-02-06 13:25:00 UTC,8.0,244,H
2015-02-06 19:08:00 UTC,4.0,122,L
2015-02-07 00:25:00 UTC,6.4,195,H
2015-02-07 06:50:00 UTC,1.2,37,L
2015-02-07 13:48:00 UTC,7.9,241,H
2015-02-07 19:48:00 UTC,3.6,110,L
2015-02-08 01:14:00 UTC,6.1,186,H
2015-02-08 07:25:00 UTC,1.8,55,L
2015-02-08 14:14:00 UTC,7.9,241,H
2015-02-08 20:31:00 UTC,3.1,94,L
2015-02-09 02:07:00 UTC,5.8,177,H
2015-02-09 08:00:00 UTC,2.6,79,L
2015-02-09 14:43:00 UTC,7.8,238,H
2015-02-09 21:16:00 UTC,2.6,79,L
2015-02-10 03:08:00 UTC,5.5,168,H
2015-02-10 08:37:00 UTC,3.4,104,L
2015-02-10 15:14:00 UTC,7.7,235,H
2015-02-10 22:05:00 UTC,2.2,67,L
2015-02-11 04:21:00 UTC,5.4,165,H
2015-02-11 09:18:00 UTC,4.2,128,L
2015-02-11 15:47:00 UTC,7.6,232,H
2015-02-11 22:57:00 UTC,1.7,52,L
2015-02-12 06:09:00 UTC,5.4,165,H
2015-02-12 10:11:00 UTC,5.0,152,L
2015-02-12 16:24:00 UTC,7.4,226,H
2015-02-12 23:52:00 UTC,1.1,34,L
2015-02-13 08:28:00 UTC,5.9,180,H
2015-02-13 11:28:00 UTC,5.6,171,L
2015-02-13 17:06:00 UTC,7.4,226,H
2015-02-14 00:48:00 UTC,0.5,15,L
2015-02-14 09:24:00 UTC,6.5,198,H
2015-02-14 12:50:00 UTC,5.9,180,L
2015-02-14 17:58:00 UTC,7.3,223,H
2015-02-15 01:41:00 UTC,-0.1,-3,L
2015-02-15 10:00:00 UTC,7.0,213,H
2015-02-15 13:59:00 UTC,5.9,180,L
2015-02-15 18:59:00 UTC,7.4,226,H
2015-02-16 02:31:00 UTC,-0.6,-18,L
2015-02-16 10:31:00 UTC,7.4,226,H
2015-02-16 14:56:00 UTC,5.6,171,L
2015-02-16 20:03:00 UTC,7.5,229,H
2015-02-17 03:19:00 UTC,-1.0,-30,L
2015-02-17 11:01:00 UTC,7.7,235,H
2015-02-17 15:46:00 UTC,5.1,155,L
2015-02-17 21:06:00 UTC,7.6,232,H
2015-02-18 04:06:00 UTC,-1.1,-34,L
2015-02-18 11:32:00 UTC,8.0,244,H
2015-02-18 16:34:00 UTC,4.4,134,L
2015-02-18 22:07:00 UTC,7.6,232,H
2015-02-19 04:51:00 UTC,-1.0,-30,L
2015-02-19 12:03:00 UTC,8.2,250,H
2015-02-19 17:23:00 UTC,3.6,110,L
2015-02-19 23:07:00 UTC,7.6,232,H
2015-02-20 05:36:00 UTC,-0.5,-15,L
2015-02-20 12:36:00 UTC,8.4,256,H
2015-02-20 18:13:00 UTC,2.8,85,L
2015-02-21 00:08:00 UTC,7.4,226,H
2015-02-21 06:21:00 UTC,0.2,6,L
2015-02-21 13:10:00 UTC,8.4,256,H
2015-02-21 19:05:00 UTC,2.1,64,L
2015-02-22 01:11:00 UTC,7.1,216,H
2015-02-22 07:07:00 UTC,1.2,37,L
2015-02-22 13:46:00 UTC,8.4,256,H
2015-02-22 19:58:00 UTC,1.5,46,L
2015-02-23 02:18:00 UTC,6.7,204,H
2015-02-23 07:55:00 UTC,2.3,70,L
2015-02-23 14:23:00 UTC,8.3,253,H
2015-02-23 20:55:00 UTC,1.1,34,L
2015-02-24 03:33:00 UTC,6.4,195,H
2015-02-24 08:47:00 UTC,3.4,104,L
2015-02-24 15:02:00 UTC,8.0,244,H
2015-02-24 21:55:00 UTC,0.9,27,L
2015-02-25 05:04:00 UTC,6.2,189,H
2015-02-25 09:48:00 UTC,4.4,134,L
2015-02-25 15:45:00 UTC,7.7,235,H
2015-02-25 22:59:00 UTC,0.8,24,L
2015-02-26 06:49:00 UTC,6.4,195,H
2015-02-26 11:03:00 UTC,5.1,155,L
2015-02-26 16:33:00 UTC,7.3,223,H
2015-02-27 00:05:00 UTC,0.7,21,L
2015-02-27 08:14:00 UTC,6.8,207,H
2015-02-27 12:36:00 UTC,5.5,168,L
2015-02-27 17:29:00 UTC,6.9,210,H
2015-02-28 01:10:00 UTC,0.7,21,L
2015-02-28 09:14:00 UTC,7.2,219,H
2015-02-28 14:10:00 UTC,5.5,168,L
2015-02-28 18:36:00 UTC,6.6,201,H
2015-03-01 02:08:00 UTC,0.7,21,L
2015-03-01 09:59:00 UTC,7.5,229,H
2015-03-01 15:16:00 UTC,5.2,158,L
2015-03-01 19:45:00 UTC,6.5,198,H
2015-03-02 02:57:00 UTC,0.7,21,L
2015-03-02 10:37:00 UTC,7.6,232,H
2015-03-02 15:59:00 UTC,4.9,149,L
2015-03-02 20:46:00 UTC,6.5,198,H
2015-03-03 03:38:00 UTC,0.8,24,L
2015-03-03 11:07:00 UTC,7.6,232,H
2015-03-03 16:30:00 UTC,4.5,137,L
2015-03-03 21:36:00 UTC,6.6,201,H
2015-03-04 04:13:00 UTC,0.9,27,L
2015-03-04 11:31:00 UTC,7.6,232,H
2015-03-04 16:56:00 UTC,4.0,122,L
2015-03-04 22:21:00 UTC,6.6,201,H
2015-03-05 04:47:00 UTC,1.1,34,L
2015-03-05 11:51:00 UTC,7.5,229,H
2015-03-05 17:24:00 UTC,3.6,110,L
2015-03-05 23:03:00 UTC,6.6,201,H
2015-03-06 05:20:00 UTC,1.4,43,L
2015-03-06 12:09:00 UTC,7.5,229,H
2015-03-06 17:54:00 UTC,3.1,94,L
2015-03-06 23:46:00 UTC,6.6,201,H
2015-03-07 05:53:00 UTC,1.8,55,L
2015-03-07 12:29:00 UTC,7.5,229,H
2015-03-07 18:27:00 UTC,2.6,79,L
2015-03-08 00:30:00 UTC,6.6,201,H
2015-03-08 06:27:00 UTC,2.3,70,L
2015-03-08 12:53:00 UTC,7.5,229,H
2015-03-08 19:03:00 UTC,2.1,64,L
2015-03-09 01:17:00 UTC,6.5,198,H
2015-03-09 07:03:00 UTC,2.9,88,L
2015-03-09 13:21:00 UTC,7.5,229,H
2015-03-09 19:41:00 UTC,1.7,52,L
2015-03-10 02:08:00 UTC,6.4,195,H
2015-03-10 07:40:00 UTC,3.6,110,L
2015-03-10 13:50:00 UTC,7.4,226,H
2015-03-10 20:22:00 UTC,1.4,43,L
2015-03-11 03:04:00 UTC,6.3,192,H
2015-03-11 08:20:00 UTC,4.2,128,L
2015-03-11 14:22:00 UTC,7.2,219,H
2015-03-11 21:08:00 UTC,1.1,34,L
2015-03-12 04:10:00 UTC,6.1,186,H
2015-03-12 09:07:00 UTC,4.8,146,L
2015-03-12 14:57:00 UTC,7.1,216,H
2015-03-12 22:00:00 UTC,0.9,27,L
2015-03-13 05:34:00 UTC,6.1,186,H
2015-03-13 10:09:00 UTC,5.3,162,L
2015-03-13 15:36:00 UTC,6.9,210,H
2015-03-13 22:59:00 UTC,0.6,18,L
2015-03-14 07:13:00 UTC,6.4,195,H
2015-03-14 11:28:00 UTC,5.6,171,L
2015-03-14 16:28:00 UTC,6.7,204,H
2015-03-15 00:01:00 UTC,0.4,12,L
2015-03-15 08:21:00 UTC,6.7,204,H
2015-03-15 12:48:00 UTC,5.5,168,L
2015-03-15 17:35:00 UTC,6.6,201,H
2015-03-16 01:02:00 UTC,0.2,6,L
2015-03-16 09:04:00 UTC,7.0,213,H
2015-03-16 13:52:00 UTC,5.1,155,L
2015-03-16 18:51:00 UTC,6.7,204,H
2015-03-17 02:00:00 UTC,0.0,0,L
2015-03-17 09:39:00 UTC,7.3,223,H
2015-03-17 14:45:00 UTC,4.5,137,L
2015-03-17 20:06:00 UTC,6.8,207,H
2015-03-18 02:53:00 UTC,-0.1,-3,L
2015-03-18 10:10:00 UTC,7.6,232,H
2015-03-18 15:32:00 UTC,3.6,110,L
2015-03-18 21:15:00 UTC,7.1,216,H
2015-03-19 03:42:00 UTC,0.1,3,L
2015-03-19 10:42:00 UTC,7.8,238,H
2015-03-19 16:17:00 UTC,2.7,82,L
2015-03-19 22:20:00 UTC,7.3,223,H
2015-03-20 04:29:00 UTC,0.5,15,L
2015-03-20 11:14:00 UTC,8.0,244,H
2015-03-20 17:03:00 UTC,1.7,52,L
2015-03-20 23:21:00 UTC,7.5,229,H
2015-03-21 05:16:00 UTC,1.1,34,L
2015-03-21 11:47:00 UTC,8.1,247,H
2015-03-21 17:49:00 UTC,0.9,27,L
2015-03-22 00:21:00 UTC,7.5,229,H
2015-03-22 06:03:00 UTC,1.9,58,L
2015-03-22 12:21:00 UTC,8.1,247,H
2015-03-22 18:36:00 UTC,0.4,12,L
2015-03-23 01:22:00 UTC,7.4,226,H
2015-03-23 06:51:00 UTC,2.8,85,L
2015-03-23 12:57:00 UTC,8.0,244,H
2015-03-23 19:25:00 UTC,0.0,0,L
2015-03-24 02:25:00 UTC,7.3,223,H
2015-03-24 07:42:00 UTC,3.7,113,L
2015-03-24 13:35:00 UTC,7.7,235,H
2015-03-24 20:16:00 UTC,0.0,0,L
2015-03-25 03:34:00 UTC,7.1,216,H
2015-03-25 08:40:00 UTC,4.4,134,L
2015-03-25 14:16:00 UTC,7.4,226,H
2015-03-25 21:10:00 UTC,0.1,3,L
2015-03-26 04:51:00 UTC,7.0,213,H
2015-03-26 09:50:00 UTC,5.0,152,L
2015-03-26 15:01:00 UTC,6.9,210,H
2015-03-26 22:09:00 UTC,0.5,15,L
2015-03-27 06:15:00 UTC,7.0,213,H
2015-03-27 11:20:00 UTC,5.2,158,L
2015-03-27 15:54:00 UTC,6.4,195,H
2015-03-27 23:13:00 UTC,0.9,27,L
2015-03-28 07:29:00 UTC,7.1,216,H
2015-03-28 13:04:00 UTC,5.1,155,L
2015-03-28 16:59:00 UTC,6.0,183,H
2015-03-29 00:20:00 UTC,1.2,37,L
2015-03-29 08:26:00 UTC,7.2,219,H
2015-03-29 14:19:00 UTC,4.7,143,L
2015-03-29 18:21:00 UTC,5.7,174,H
2015-03-30 01:24:00 UTC,1.5,46,L
2015-03-30 09:10:00 UTC,7.3,223,H
2015-03-30 15:07:00 UTC,4.2,128,L
2015-03-30 19:47:00 UTC,5.7,174,H
2015-03-31 02:19:00 UTC,1.7,52,L
2015-03-31 09:45:00 UTC,7.3,223,H
2015-03-31 15:40:00 UTC,3.8,116,L
2015-03-31 20:55:00 UTC,5.9,180,H
2015-04-01 03:05:00 UTC,1.9,58,L
2015-04-01 10:11:00 UTC,7.2,219,H
2015-04-01 16:04:00 UTC,3.2,98,L
2015-04-01 21:48:00 UTC,6.1,186,H
2015-04-02 03:44:00 UTC,2.1,64,L
2015-04-02 10:30:00 UTC,7.2,219,H
2015-04-02 16:27:00 UTC,2.7,82,L
2015-04-02 22:33:00 UTC,6.4,195,H
2015-04-03 04:20:00 UTC,2.4,73,L
2015-04-03 10:47:00 UTC,7.2,219,H
2015-04-03 16:52:00 UTC,2.1,64,L
2015-04-03 23:15:00 UTC,6.6,201,H
2015-04-04 04:54:00 UTC,2.8,85,L
2015-04-04 11:07:00 UTC,7.2,219,H
2015-04-04 17:20:00 UTC,1.5,46,L
2015-04-04 23:56:00 UTC,6.7,204,H
2015-04-05 05:29:00 UTC,3.2,98,L
2015-04-05 11:30:00 UTC,7.2,219,H
2015-04-05 17:51:00 UTC,1.0,30,L
2015-04-06 00:39:00 UTC,6.9,210,H
2015-04-06 06:06:00 UTC,3.6,110,L
2015-04-06 11:57:00 UTC,7.2,219,H
2015-04-06 18:25:00 UTC,0.6,18,L
2015-04-07 01:23:00 UTC,7.0,213,H
2015-04-07 06:44:00 UTC,4.1,125,L
2015-04-07 12:27:00 UTC,7.1,216,H
2015-04-07 19:02:00 UTC,0.2,6,L
2015-04-08 02:11:00 UTC,7.0,213,H
2015-04-08 07:26:00 UTC,4.6,140,L
2015-04-08 12:58:00 UTC,6.9,210,H
2015-04-08 19:43:00 UTC,0.0,0,L
2015-04-09 03:04:00 UTC,7.0,213,H
2015-04-09 08:12:00 UTC,5.0,152,L
2015-04-09 13:32:00 UTC,6.7,204,H
2015-04-09 20:28:00 UTC,-0.1,-3,L
2015-04-10 04:03:00 UTC,6.9,210,H
2015-04-10 09:09:00 UTC,5.3,162,L
2015-04-10 14:10:00 UTC,6.5,198,H
2015-04-10 21:19:00 UTC,0.0,0,L
2015-04-11 05:08:00 UTC,6.9,210,H
2015-04-11 10:19:00 UTC,5.4,165,L
2015-04-11 14:58:00 UTC,6.3,192,H
2015-04-11 22:17:00 UTC,0.1,3,L
2015-04-12 06:16:00 UTC,7.0,213,H
2015-04-12 11:39:00 UTC,5.2,158,L
2015-04-12 16:04:00 UTC,6.0,183,H
2015-04-12 23:20:00 UTC,0.3,9,L
2015-04-13 07:14:00 UTC,7.1,216,H
2015-04-13 12:52:00 UTC,4.7,143,L
2015-04-13 17:27:00 UTC,5.8,177,H
2015-04-14 00:24:00 UTC,0.6,18,L
2015-04-14 08:00:00 UTC,7.3,223,H
2015-04-14 13:47:00 UTC,4.0,122,L
2015-04-14 18:56:00 UTC,5.8,177,H
2015-04-15 01:26:00 UTC,0.8,24,L
2015-04-15 08:39:00 UTC,7.4,226,H
2015-04-15 14:34:00 UTC,3.0,91,L
2015-04-15 20:20:00 UTC,6.1,186,H
2015-04-16 02:23:00 UTC,1.2,37,L
2015-04-16 09:14:00 UTC,7.6,232,H
2015-04-16 15:17:00 UTC,1.9,58,L
2015-04-16 21:33:00 UTC,6.6,201,H
2015-04-17 03:15:00 UTC,1.7,52,L
2015-04-17 09:48:00 UTC,7.8,238,H
2015-04-17 16:00:00 UTC,0.9,27,L
2015-04-17 22:38:00 UTC,7.0,213,H
2015-04-18 04:06:00 UTC,2.3,70,L
2015-04-18 10:21:00 UTC,7.9,241,H
2015-04-18 16:42:00 UTC,0.0,0,L
2015-04-18 23:37:00 UTC,7.4,226,H
2015-04-19 04:55:00 UTC,3.0,91,L
2015-04-19 10:56:00 UTC,7.9,241,H
2015-04-19 17:26:00 UTC,-0.7,-21,L
2015-04-20 00:34:00 UTC,7.7,235,H
2015-04-20 05:44:00 UTC,3.6,110,L
2015-04-20 11:32:00 UTC,7.8,238,H
2015-04-20 18:10:00 UTC,-1.1,-34,L
2015-04-21 01:31:00 UTC,7.8,238,H
2015-04-21 06:37:00 UTC,4.2,128,L
2015-04-21 12:09:00 UTC,7.5,229,H
2015-04-21 18:55:00 UTC,-1.1,-34,L
2015-04-22 02:28:00 UTC,7.8,238,H
2015-04-22 07:33:00 UTC,4.7,143,L
2015-04-22 12:49:00 UTC,7.2,219,H
2015-04-22 19:42:00 UTC,-0.9,-27,L
2015-04-23 03:27:00 UTC,7.7,235,H
2015-04-23 08:39:00 UTC,5.0,152,L
2015-04-23 13:32:00 UTC,6.7,204,H
2015-04-23 20:31:00 UTC,-0.4,-12,L
2015-04-24 04:28:00 UTC,7.6,232,H
2015-04-24 10:00:00 UTC,5.1,155,L
2015-04-24 14:20:00 UTC,6.1,186,H
2015-04-24 21:24:00 UTC,0.2,6,L
2015-04-25 05:32:00 UTC,7.5,229,H
2015-04-25 11:42:00 UTC,4.9,149,L
2015-04-25 15:17:00 UTC,5.6,171,H
2015-04-25 22:21:00 UTC,0.9,27,L
2015-04-26 06:32:00 UTC,7.4,226,H
2015-04-26 13:05:00 UTC,4.5,137,L
2015-04-26 16:28:00 UTC,5.1,155,H
2015-04-26 23:23:00 UTC,1.5,46,L
2015-04-27 07:23:00 UTC,7.3,223,H
2015-04-27 14:01:00 UTC,3.9,119,L
2015-04-27 18:01:00 UTC,4.9,149,H
2015-04-28 00:26:00 UTC,2.1,64,L
2015-04-28 08:03:00 UTC,7.2,219,H
2015-04-28 14:40:00 UTC,3.3,101,L
2015-04-28 19:46:00 UTC,5.0,152,H
2015-04-29 01:26:00 UTC,2.5,76,L
2015-04-29 08:33:00 UTC,7.1,216,H
2015-04-29 15:08:00 UTC,2.7,82,L
2015-04-29 21:03:00 UTC,5.4,165,H
2015-04-30 02:18:00 UTC,2.9,88,L
2015-04-30 08:56:00 UTC,7.1,216,H
2015-04-30 15:31:00 UTC,2.0,61,L
2015-04-30 22:00:00 UTC,5.8,177,H
2015-05-01 03:04:00 UTC,3.3,101,L
2015-05-01 09:16:00 UTC,7.1,216,H
2015-05-01 15:54:00 UTC,1.4,43,L
2015-05-01 22:45:00 UTC,6.2,189,H
2015-05-02 03:45:00 UTC,3.7,113,L
2015-05-02 09:38:00 UTC,7.1,216,H
2015-05-02 16:19:00 UTC,0.7,21,L
2015-05-02 23:26:00 UTC,6.6,201,H
2015-05-03 04:24:00 UTC,4.1,125,L
2015-05-03 10:04:00 UTC,7.1,216,H
2015-05-03 16:48:00 UTC,0.1,3,L
2015-05-04 00:06:00 UTC,6.9,210,H
2015-05-04 05:03:00 UTC,4.5,137,L
2015-05-04 10:32:00 UTC,7.1,216,H
2015-05-04 17:19:00 UTC,-0.4,-12,L
2015-05-05 00:46:00 UTC,7.2,219,H
2015-05-05 05:43:00 UTC,4.8,146,L
2015-05-05 11:02:00 UTC,7.0,213,H
2015-05-05 17:54:00 UTC,-0.8,-24,L
2015-05-06 01:28:00 UTC,7.4,226,H
2015-05-06 06:26:00 UTC,5.1,155,L
2015-05-06 11:35:00 UTC,6.9,210,H
2015-05-06 18:32:00 UTC,-1.0,-30,L
2015-05-07 02:12:00 UTC,7.6,232,H
2015-05-07 07:13:00 UTC,5.3,162,L
2015-05-07 12:10:00 UTC,6.7,204,H
2015-05-07 19:14:00 UTC,-1.1,-34,L
2015-05-08 02:59:00 UTC,7.6,232,H
2015-05-08 08:07:00 UTC,5.4,165,L
2015-05-08 12:49:00 UTC,6.4,195,H
2015-05-08 20:00:00 UTC,-1.0,-30,L
2015-05-09 03:49:00 UTC,7.6,232,H
2015-05-09 09:11:00 UTC,5.4,165,L
2015-05-09 13:37:00 UTC,6.1,186,H
2015-05-09 20:50:00 UTC,-0.7,-21,L
2015-05-10 04:40:00 UTC,7.6,232,H
2015-05-10 10:26:00 UTC,5.1,155,L
2015-05-10 14:40:00 UTC,5.7,174,H
2015-05-10 21:44:00 UTC,-0.2,-6,L
2015-05-11 05:31:00 UTC,7.6,232,H
2015-05-11 11:44:00 UTC,4.5,137,L
2015-05-11 15:58:00 UTC,5.3,162,H
2015-05-11 22:44:00 UTC,0.4,12,L
2015-05-12 06:18:00 UTC,7.6,232,H
2015-05-12 12:46:00 UTC,3.6,110,L
2015-05-12 17:31:00 UTC,5.0,152,H
2015-05-12 23:47:00 UTC,1.1,34,L
2015-05-13 07:02:00 UTC,7.6,232,H
2015-05-13 13:36:00 UTC,2.6,79,L
2015-05-13 19:11:00 UTC,5.2,158,H
2015-05-14 00:50:00 UTC,1.9,58,L
2015-05-14 07:42:00 UTC,7.7,235,H
2015-05-14 14:20:00 UTC,1.5,46,L
2015-05-14 20:43:00 UTC,5.7,174,H
2015-05-15 01:51:00 UTC,2.6,79,L
2015-05-15 08:19:00 UTC,7.8,238,H
2015-05-15 15:02:00 UTC,0.4,12,L
2015-05-15 21:57:00 UTC,6.3,192,H
2015-05-16 02:48:00 UTC,3.3,101,L
2015-05-16 08:56:00 UTC,7.8,238,H
2015-05-16 15:43:00 UTC,-0.6,-18,L
2015-05-16 22:58:00 UTC,7.0,213,H
2015-05-17 03:43:00 UTC,3.9,119,L
2015-05-17 09:32:00 UTC,7.8,238,H
2015-05-17 16:23:00 UTC,-1.3,-40,L
2015-05-17 23:52:00 UTC,7.5,229,H
2015-05-18 04:36:00 UTC,4.5,137,L
2015-05-18 10:08:00 UTC,7.7,235,H
2015-05-18 17:04:00 UTC,-1.7,-52,L
2015-05-19 00:44:00 UTC,7.9,241,H
2015-05-19 05:29:00 UTC,4.9,149,L
2015-05-19 10:46:00 UTC,7.5,229,H
2015-05-19 17:46:00 UTC,-1.8,-55,L
2015-05-20 01:33:00 UTC,8.0,244,H
2015-05-20 06:25:00 UTC,5.1,155,L
2015-05-20 11:26:00 UTC,7.1,216,H
2015-05-20 18:29:00 UTC,-1.6,-49,L
2015-05-21 02:22:00 UTC,8.1,247,H
2015-05-21 07:25:00 UTC,5.2,158,L
2015-05-21 12:08:00 UTC,6.7,204,H
2015-05-21 19:13:00 UTC,-1.2,-37,L
2015-05-22 03:10:00 UTC,8.0,244,H
2015-05-22 08:35:00 UTC,5.2,158,L
2015-05-22 12:54:00 UTC,6.2,189,H
2015-05-22 19:58:00 UTC,-0.7,-21,L
2015-05-23 03:57:00 UTC,7.9,241,H
2015-05-23 09:59:00 UTC,4.9,149,L
2015-05-23 13:45:00 UTC,5.6,171,H
2015-05-23 20:45:00 UTC,0.1,3,L
2015-05-24 04:43:00 UTC,7.7,235,H
2015-05-24 11:27:00 UTC,4.5,137,L
2015-05-24 14:44:00 UTC,5.1,155,H
2015-05-24 21:35:00 UTC,0.8,24,L
2015-05-25 05:26:00 UTC,7.6,232,H
2015-05-25 12:33:00 UTC,3.9,119,L
2015-05-25 15:56:00 UTC,4.6,140,H
2015-05-25 22:28:00 UTC,1.7,52,L
2015-05-26 06:05:00 UTC,7.4,226,H
2015-05-26 13:21:00 UTC,3.3,101,L
2015-05-26 17:30:00 UTC,4.3,131,H
2015-05-26 23:25:00 UTC,2.4,73,L
2015-05-27 06:38:00 UTC,7.3,223,H
2015-05-27 13:57:00 UTC,2.6,79,L
2015-05-27 19:37:00 UTC,4.5,137,H
2015-05-28 00:25:00 UTC,3.2,98,L
2015-05-28 07:08:00 UTC,7.2,219,H
2015-05-28 14:26:00 UTC,1.9,58,L
2015-05-28 21:08:00 UTC,5.0,152,H
2015-05-29 01:23:00 UTC,3.8,116,L
2015-05-29 07:36:00 UTC,7.2,219,H
2015-05-29 14:52:00 UTC,1.1,34,L
2015-05-29 22:07:00 UTC,5.6,171,H
2015-05-30 02:17:00 UTC,4.3,131,L
2015-05-30 08:05:00 UTC,7.2,219,H
2015-05-30 15:18:00 UTC,0.4,12,L
2015-05-30 22:52:00 UTC,6.2,189,H
2015-05-31 03:06:00 UTC,4.8,146,L
2015-05-31 08:35:00 UTC,7.2,219,H
2015-05-31 15:47:00 UTC,-0.2,-6,L
2015-05-31 23:31:00 UTC,6.7,204,H
2015-06-01 03:51:00 UTC,5.1,155,L
2015-06-01 09:06:00 UTC,7.2,219,H
2015-06-01 16:18:00 UTC,-0.9,-27,L
2015-06-02 00:08:00 UTC,7.1,216,H
2015-06-02 04:35:00 UTC,5.3,162,L
2015-06-02 09:40:00 UTC,7.1,216,H
2015-06-02 16:52:00 UTC,-1.4,-43,L
2015-06-03 00:44:00 UTC,7.5,229,H
2015-06-03 05:19:00 UTC,5.5,168,L
2015-06-03 10:15:00 UTC,7.1,216,H
2015-06-03 17:29:00 UTC,-1.7,-52,L
2015-06-04 01:22:00 UTC,7.7,235,H
2015-06-04 06:05:00 UTC,5.6,171,L
2015-06-04 10:54:00 UTC,6.9,210,H
2015-06-04 18:10:00 UTC,-1.9,-58,L
2015-06-05 02:02:00 UTC,7.9,241,H
2015-06-05 06:57:00 UTC,5.5,168,L
2015-06-05 11:38:00 UTC,6.7,204,H
2015-06-05 18:53:00 UTC,-1.8,-55,L
2015-06-06 02:43:00 UTC,8.0,244,H
2015-06-06 07:54:00 UTC,5.3,162,L
2015-06-06 12:29:00 UTC,6.3,192,H
2015-06-06 19:38:00 UTC,-1.5,-46,L
2015-06-07 03:25:00 UTC,8.0,244,H
2015-06-07 09:00:00 UTC,4.9,149,L
2015-06-07 13:29:00 UTC,5.8,177,H
2015-06-07 20:27:00 UTC,-0.9,-27,L
2015-06-08 04:07:00 UTC,8.0,244,H
2015-06-08 10:12:00 UTC,4.3,131,L
2015-06-08 14:40:00 UTC,5.3,162,H
2015-06-08 21:18:00 UTC,-0.1,-3,L
2015-06-09 04:48:00 UTC,8.0,244,H
2015-06-09 11:22:00 UTC,3.5,107,L
2015-06-09 16:04:00 UTC,4.8,146,H
2015-06-09 22:14:00 UTC,0.9,27,L
2015-06-10 05:30:00 UTC,8.0,244,H
2015-06-10 12:23:00 UTC,2.4,73,L
2015-06-10 17:43:00 UTC,4.6,140,H
2015-06-10 23:14:00 UTC,2.0,61,L
2015-06-11 06:11:00 UTC,7.9,241,H
2015-06-11 13:15:00 UTC,1.4,43,L
2015-06-11 19:36:00 UTC,4.9,149,H
2015-06-12 00:18:00 UTC,3.0,91,L
2015-06-12 06:51:00 UTC,7.9,241,H
2015-06-12 14:02:00 UTC,0.3,9,L
2015-06-12 21:08:00 UTC,5.7,174,H
2015-06-13 01:23:00 UTC,3.9,119,L
2015-06-13 07:32:00 UTC,7.9,241,H
2015-06-13 14:45:00 UTC,-0.6,-18,L
2015-06-13 22:15:00 UTC,6.5,198,H
2015-06-14 02:26:00 UTC,4.6,140,L
2015-06-14 08:12:00 UTC,7.8,238,H
2015-06-14 15:26:00 UTC,-1.3,-40,L
2015-06-14 23:10:00 UTC,7.1,216,H
2015-06-15 03:26:00 UTC,5.0,152,L
2015-06-15 08:52:00 UTC,7.7,235,H
2015-06-15 16:06:00 UTC,-1.7,-52,L
2015-06-15 23:58:00 UTC,7.6,232,H
2015-06-16 04:22:00 UTC,5.3,162,L
2015-06-16 09:32:00 UTC,7.5,229,H
2015-06-16 16:46:00 UTC,-1.9,-58,L
2015-06-17 00:42:00 UTC,7.9,241,H
2015-06-17 05:17:00 UTC,5.4,165,L
2015-06-17 10:13:00 UTC,7.2,219,H
2015-06-17 17:26:00 UTC,-1.9,-58,L
2015-06-18 01:24:00 UTC,8.0,244,H
2015-06-18 06:12:00 UTC,5.4,165,L
2015-06-18 10:56:00 UTC,6.8,207,H
2015-06-18 18:07:00 UTC,-1.6,-49,L
2015-06-19 02:04:00 UTC,8.1,247,H
2015-06-19 07:10:00 UTC,5.2,158,L
2015-06-19 11:41:00 UTC,6.4,195,H
2015-06-19 18:48:00 UTC,-1.2,-37,L
2015-06-20 02:41:00 UTC,8.0,244,H
2015-06-20 08:11:00 UTC,5.0,152,L
2015-06-20 12:29:00 UTC,5.9,180,H
2015-06-20 19:29:00 UTC,-0.6,-18,L
2015-06-21 03:17:00 UTC,7.9,241,H
2015-06-21 09:18:00 UTC,4.6,140,L
2015-06-21 13:22:00 UTC,5.4,165,H
2015-06-21 20:11:00 UTC,0.2,6,L
2015-06-22 03:50:00 UTC,7.8,238,H
2015-06-22 10:25:00 UTC,4.1,125,L
2015-06-22 14:20:00 UTC,4.9,149,H
2015-06-22 20:55:00 UTC,1.0,30,L
2015-06-23 04:21:00 UTC,7.6,232,H
2015-06-23 11:25:00 UTC,3.5,107,L
2015-06-23 15:29:00 UTC,4.5,137,H
2015-06-23 21:40:00 UTC,1.9,58,L
2015-06-24 04:52:00 UTC,7.5,229,H
2015-06-24 12:15:00 UTC,2.8,85,L
2015-06-24 16:55:00 UTC,4.2,128,H
2015-06-24 22:29:00 UTC,2.8,85,L
2015-06-25 05:23:00 UTC,7.4,226,H
2015-06-25 12:57:00 UTC,2.1,64,L
2015-06-25 19:13:00 UTC,4.3,131,H
2015-06-25 23:26:00 UTC,3.7,113,L
2015-06-26 05:55:00 UTC,7.3,223,H
2015-06-26 13:33:00 UTC,1.4,43,L
2015-06-26 21:06:00 UTC,4.9,149,H
2015-06-27 00:29:00 UTC,4.4,134,L
2015-06-27 06:29:00 UTC,7.2,219,H
2015-06-27 14:07:00 UTC,0.7,21,L
2015-06-27 22:05:00 UTC,5.6,171,H
2015-06-28 01:31:00 UTC,5.0,152,L
2015-06-28 07:05:00 UTC,7.2,219,H
2015-06-28 14:40:00 UTC,-0.1,-3,L
2015-06-28 22:47:00 UTC,6.3,192,H
2015-06-29 02:28:00 UTC,5.4,165,L
2015-06-29 07:42:00 UTC,7.2,219,H
2015-06-29 15:14:00 UTC,-0.7,-21,L
2015-06-29 23:22:00 UTC,6.8,207,H
2015-06-30 03:20:00 UTC,5.6,171,L
2015-06-30 08:22:00 UTC,7.2,219,H
2015-06-30 15:50:00 UTC,-1.4,-43,L
2015-06-30 23:54:00 UTC,7.2,219,H
2015-07-01 04:07:00 UTC,5.6,171,L
2015-07-01 09:03:00 UTC,7.2,219,H
2015-07-01 16:28:00 UTC,-1.8,-55,L
2015-07-02 00:27:00 UTC,7.5,229,H
2015-07-02 04:53:00 UTC,5.6,171,L
2015-07-02 09:48:00 UTC,7.2,219,H
2015-07-02 17:09:00 UTC,-2.1,-64,L
2015-07-03 01:00:00 UTC,7.7,235,H
2015-07-03 05:41:00 UTC,5.4,165,L
2015-07-03 10:37:00 UTC,7.0,213,H
2015-07-03 17:51:00 UTC,-2.2,-67,L
2015-07-04 01:35:00 UTC,7.9,241,H
2015-07-04 06:33:00 UTC,5.1,155,L
2015-07-04 11:31:00 UTC,6.8,207,H
2015-07-04 18:35:00 UTC,-1.9,-58,L
2015-07-05 02:11:00 UTC,8.1,247,H
2015-07-05 07:30:00 UTC,4.6,140,L
2015-07-05 12:30:00 UTC,6.3,192,H
2015-07-05 19:20:00 UTC,-1.4,-43,L
2015-07-06 02:49:00 UTC,8.1,247,H
2015-07-06 08:31:00 UTC,4.0,122,L
2015-07-06 13:35:00 UTC,5.8,177,H
2015-07-06 20:07:00 UTC,-0.5,-15,L
2015-07-07 03:26:00 UTC,8.2,250,H
2015-07-07 09:37:00 UTC,3.2,98,L
2015-07-07 14:48:00 UTC,5.3,162,H
2015-07-07 20:56:00 UTC,0.6,18,L
2015-07-08 04:05:00 UTC,8.1,247,H
2015-07-08 10:44:00 UTC,2.3,70,L
2015-07-08 16:13:00 UTC,4.9,149,H
2015-07-08 21:49:00 UTC,1.8,55,L
2015-07-09 04:45:00 UTC,8.1,247,H
2015-07-09 11:48:00 UTC,1.4,43,L
2015-07-09 18:00:00 UTC,4.8,146,H
2015-07-09 22:49:00 UTC,3.0,91,L
2015-07-10 05:26:00 UTC,7.9,241,H
2015-07-10 12:46:00 UTC,0.5,15,L
2015-07-10 19:56:00 UTC,5.3,162,H
2015-07-10 23:56:00 UTC,4.0,122,L
2015-07-11 06:09:00 UTC,7.8,238,H
2015-07-11 13:39:00 UTC,-0.2,-6,L
2015-07-11 21:18:00 UTC,6.0,183,H
2015-07-12 01:08:00 UTC,4.8,146,L
2015-07-12 06:55:00 UTC,7.6,232,H
2015-07-12 14:27:00 UTC,-0.8,-24,L
2015-07-12 22:18:00 UTC,6.7,204,H
2015-07-13 02:18:00 UTC,5.2,158,L
2015-07-13 07:42:00 UTC,7.5,229,H
2015-07-13 15:11:00 UTC,-1.2,-37,L
2015-07-13 23:06:00 UTC,7.3,223,H
2015-07-14 03:22:00 UTC,5.4,165,L
2015-07-14 08:29:00 UTC,7.3,223,H
2015-07-14 15:52:00 UTC,-1.4,-43,L
2015-07-14 23:48:00 UTC,7.6,232,H
2015-07-15 04:17:00 UTC,5.4,165,L
2015-07-15 09:15:00 UTC,7.1,216,H
2015-07-15 16:31:00 UTC,-1.4,-43,L
2015-07-16 00:25:00 UTC,7.7,235,H
2015-07-16 05:08:00 UTC,5.2,158,L
2015-07-16 10:01:00 UTC,6.9,210,H
2015-07-16 17:09:00 UTC,-1.3,-40,L
2015-07-17 01:00:00 UTC,7.8,238,H
2015-07-17 05:55:00 UTC,5.0,152,L
2015-07-17 10:46:00 UTC,6.6,201,H
2015-07-17 17:47:00 UTC,-1.0,-30,L
2015-07-18 01:31:00 UTC,7.7,235,H
2015-07-18 06:41:00 UTC,4.7,143,L
2015-07-18 11:31:00 UTC,6.3,192,H
2015-07-18 18:25:00 UTC,-0.6,-18,L
2015-07-19 02:00:00 UTC,7.7,235,H
2015-07-19 07:29:00 UTC,4.3,131,L
2015-07-19 12:19:00 UTC,5.9,180,H
2015-07-19 19:03:00 UTC,0.0,0,L
2015-07-20 02:26:00 UTC,7.6,232,H
2015-07-20 08:18:00 UTC,3.9,119,L
2015-07-20 13:10:00 UTC,5.5,168,H
2015-07-20 19:42:00 UTC,0.7,21,L
2015-07-21 02:53:00 UTC,7.5,229,H
2015-07-21 09:09:00 UTC,3.4,104,L
2015-07-21 14:06:00 UTC,5.1,155,H
2015-07-21 20:21:00 UTC,1.5,46,L
2015-07-22 03:20:00 UTC,7.5,229,H
2015-07-22 10:01:00 UTC,2.9,88,L
2015-07-22 15:10:00 UTC,4.8,146,H
2015-07-22 21:01:00 UTC,2.4,73,L
2015-07-23 03:50:00 UTC,7.4,226,H
2015-07-23 10:52:00 UTC,2.4,73,L
2015-07-23 16:27:00 UTC,4.6,140,H
2015-07-23 21:46:00 UTC,3.3,101,L
2015-07-24 04:23:00 UTC,7.3,223,H
2015-07-24 11:43:00 UTC,1.8,55,L
2015-07-24 18:25:00 UTC,4.6,140,H
2015-07-24 22:39:00 UTC,4.1,125,L
2015-07-25 04:58:00 UTC,7.1,216,H
2015-07-25 12:31:00 UTC,1.2,37,L
2015-07-25 20:44:00 UTC,5.1,155,H
2015-07-25 23:47:00 UTC,4.8,146,L
2015-07-26 05:36:00 UTC,7.1,216,H
2015-07-26 13:16:00 UTC,0.5,15,L
2015-07-26 21:43:00 UTC,5.8,177,H
2015-07-27 00:58:00 UTC,5.3,162,L
2015-07-27 06:18:00 UTC,7.0,213,H
2015-07-27 13:59:00 UTC,-0.1,-3,L
2015-07-27 22:22:00 UTC,6.3,192,H
2015-07-28 02:02:00 UTC,5.5,168,L
2015-07-28 07:05:00 UTC,7.0,213,H
2015-07-28 14:42:00 UTC,-0.8,-24,L
2015-07-28 22:53:00 UTC,6.8,207,H
2015-07-29 02:55:00 UTC,5.5,168,L
2015-07-29 07:55:00 UTC,7.1,216,H
2015-07-29 15:24:00 UTC,-1.3,-40,L
2015-07-29 23:22:00 UTC,7.1,216,H
2015-07-30 03:43:00 UTC,5.3,162,L
2015-07-30 08:48:00 UTC,7.2,219,H
2015-07-30 16:06:00 UTC,-1.7,-52,L
2015-07-30 23:51:00 UTC,7.4,226,H
2015-07-31 04:30:00 UTC,5.0,152,L
2015-07-31 09:42:00 UTC,7.2,219,H
2015-07-31 16:49:00 UTC,-1.8,-55,L
2015-08-01 00:22:00 UTC,7.6,232,H
2015-08-01 05:17:00 UTC,4.5,137,L
2015-08-01 10:38:00 UTC,7.1,216,H
2015-08-01 17:32:00 UTC,-1.7,-52,L
2015-08-02 00:55:00 UTC,7.8,238,H
2015-08-02 06:07:00 UTC,3.9,119,L
2015-08-02 11:37:00 UTC,6.9,210,H
2015-08-02 18:16:00 UTC,-1.2,-37,L
2015-08-03 01:29:00 UTC,7.9,241,H
2015-08-03 07:01:00 UTC,3.2,98,L
2015-08-03 12:38:00 UTC,6.5,198,H
2015-08-03 19:01:00 UTC,-0.4,-12,L
2015-08-04 02:04:00 UTC,8.0,244,H
2015-08-04 07:57:00 UTC,2.5,76,L
2015-08-04 13:45:00 UTC,6.1,186,H
2015-08-04 19:48:00 UTC,0.6,18,L
2015-08-05 02:41:00 UTC,8.0,244,H
2015-08-05 08:57:00 UTC,1.8,55,L
2015-08-05 14:58:00 UTC,5.7,174,H
2015-08-05 20:38:00 UTC,1.7,52,L
2015-08-06 03:20:00 UTC,8.0,244,H
2015-08-06 10:00:00 UTC,1.2,37,L
2015-08-06 16:23:00 UTC,5.4,165,H
2015-08-06 21:33:00 UTC,2.9,88,L
2015-08-07 04:01:00 UTC,7.8,238,H
2015-08-07 11:05:00 UTC,0.6,18,L
2015-08-07 18:11:00 UTC,5.4,165,H
2015-08-07 22:37:00 UTC,4.0,122,L
2015-08-08 04:45:00 UTC,7.6,232,H
2015-08-08 12:10:00 UTC,0.2,6,L
2015-08-08 19:54:00 UTC,5.9,180,H
2015-08-08 23:53:00 UTC,4.7,143,L
2015-08-09 05:35:00 UTC,7.3,223,H
2015-08-09 13:11:00 UTC,-0.2,-6,L
2015-08-09 21:06:00 UTC,6.5,198,H
2015-08-10 01:15:00 UTC,5.1,155,L
2015-08-10 06:31:00 UTC,7.1,216,H
2015-08-10 14:06:00 UTC,-0.4,-12,L
2015-08-10 22:00:00 UTC,7.0,213,H
2015-08-11 02:30:00 UTC,5.2,158,L
2015-08-11 07:29:00 UTC,6.9,210,H
2015-08-11 14:55:00 UTC,-0.5,-15,L
2015-08-11 22:43:00 UTC,7.3,223,H
2015-08-12 03:30:00 UTC,5.0,152,L
2015-08-12 08:26:00 UTC,6.7,204,H
2015-08-12 15:37:00 UTC,-0.5,-15,L
2015-08-12 23:20:00 UTC,7.5,229,H
2015-08-13 04:16:00 UTC,4.8,146,L
2015-08-13 09:18:00 UTC,6.7,204,H
2015-08-13 16:16:00 UTC,-0.4,-12,L
2015-08-13 23:53:00 UTC,7.5,229,H
2015-08-14 04:55:00 UTC,4.5,137,L
2015-08-14 10:05:00 UTC,6.6,201,H
2015-08-14 16:52:00 UTC,-0.2,-6,L
2015-08-15 00:20:00 UTC,7.4,226,H
2015-08-15 05:31:00 UTC,4.1,125,L
2015-08-15 10:49:00 UTC,6.4,195,H
2015-08-15 17:27:00 UTC,0.1,3,L
2015-08-16 00:44:00 UTC,7.3,223,H
2015-08-16 06:07:00 UTC,3.7,113,L
2015-08-16 11:33:00 UTC,6.3,192,H
2015-08-16 18:02:00 UTC,0.5,15,L
2015-08-17 01:06:00 UTC,7.3,223,H
2015-08-17 06:45:00 UTC,3.3,101,L
2015-08-17 12:19:00 UTC,6.1,186,H
2015-08-17 18:38:00 UTC,1.1,34,L
2015-08-18 01:29:00 UTC,7.3,223,H
2015-08-18 07:25:00 UTC,2.8,85,L
2015-08-18 13:07:00 UTC,5.9,180,H
2015-08-18 19:15:00 UTC,1.7,52,L
2015-08-19 01:54:00 UTC,7.2,219,H
2015-08-19 08:07:00 UTC,2.4,73,L
2015-08-19 14:00:00 UTC,5.7,174,H
2015-08-19 19:53:00 UTC,2.5,76,L
2015-08-20 02:23:00 UTC,7.1,216,H
2015-08-20 08:51:00 UTC,2.1,64,L
2015-08-20 14:58:00 UTC,5.5,168,H
2015-08-20 20:33:00 UTC,3.2,98,L
2015-08-21 02:54:00 UTC,7.0,213,H
2015-08-21 09:39:00 UTC,1.7,52,L
2015-08-21 16:07:00 UTC,5.3,162,H
2015-08-21 21:18:00 UTC,4.0,122,L
2015-08-22 03:28:00 UTC,6.9,210,H
2015-08-22 10:31:00 UTC,1.4,43,L
2015-08-22 17:40:00 UTC,5.3,162,H
2015-08-22 22:16:00 UTC,4.7,143,L
2015-08-23 04:06:00 UTC,6.7,204,H
2015-08-23 11:26:00 UTC,1.0,30,L
2015-08-23 19:47:00 UTC,5.6,171,H
2015-08-23 23:29:00 UTC,5.1,155,L
2015-08-24 04:50:00 UTC,6.6,201,H
2015-08-24 12:22:00 UTC,0.5,15,L
2015-08-24 20:54:00 UTC,6.1,186,H
2015-08-25 00:45:00 UTC,5.4,165,L
2015-08-25 05:42:00 UTC,6.6,201,H
2015-08-25 13:17:00 UTC,0.1,3,L
2015-08-25 21:34:00 UTC,6.5,198,H
2015-08-26 01:49:00 UTC,5.3,162,L
2015-08-26 06:42:00 UTC,6.7,204,H
2015-08-26 14:08:00 UTC,-0.4,-12,L
2015-08-26 22:05:00 UTC,6.8,207,H
2015-08-27 02:40:00 UTC,5.0,152,L
2015-08-27 07:45:00 UTC,6.8,207,H
2015-08-27 14:56:00 UTC,-0.7,-21,L
2015-08-27 22:34:00 UTC,7.1,216,H
2015-08-28 03:25:00 UTC,4.5,137,L
2015-08-28 08:47:00 UTC,7.0,213,H
2015-08-28 15:42:00 UTC,-0.9,-27,L
2015-08-28 23:03:00 UTC,7.3,223,H
2015-08-29 04:10:00 UTC,3.8,116,L
2015-08-29 09:47:00 UTC,7.1,216,H
2015-08-29 16:27:00 UTC,-0.8,-24,L
2015-08-29 23:33:00 UTC,7.5,229,H
2015-08-30 04:55:00 UTC,3.0,91,L
2015-08-30 10:47:00 UTC,7.2,219,H
2015-08-30 17:11:00 UTC,-0.4,-12,L
2015-08-31 00:05:00 UTC,7.7,235,H
2015-08-31 05:42:00 UTC,2.2,67,L
2015-08-31 11:47:00 UTC,7.1,216,H
2015-08-31 17:56:00 UTC,0.2,6,L
2015-09-01 00:39:00 UTC,7.8,238,H
2015-09-01 06:32:00 UTC,1.5,46,L
2015-09-01 12:49:00 UTC,6.9,210,H
2015-09-01 18:43:00 UTC,1.1,34,L
2015-09-02 01:15:00 UTC,7.8,238,H
2015-09-02 07:24:00 UTC,0.9,27,L
2015-09-02 13:54:00 UTC,6.7,204,H
2015-09-02 19:31:00 UTC,2.1,64,L
2015-09-03 01:53:00 UTC,7.8,238,H
2015-09-03 08:19:00 UTC,0.5,15,L
2015-09-03 15:06:00 UTC,6.4,195,H
2015-09-03 20:24:00 UTC,3.1,94,L
2015-09-04 02:33:00 UTC,7.6,232,H
2015-09-04 09:17:00 UTC,0.2,6,L
2015-09-04 16:28:00 UTC,6.3,192,H
2015-09-04 21:26:00 UTC,4.0,122,L
2015-09-05 03:17:00 UTC,7.3,223,H
2015-09-05 10:20:00 UTC,0.2,6,L
2015-09-05 18:03:00 UTC,6.3,192,H
2015-09-05 22:42:00 UTC,4.7,143,L
2015-09-06 04:08:00 UTC,6.9,210,H
2015-09-06 11:27:00 UTC,0.3,9,L
2015-09-06 19:30:00 UTC,6.6,201,H
2015-09-07 00:14:00 UTC,5.0,152,L
2015-09-07 05:07:00 UTC,6.5,198,H
2015-09-07 12:35:00 UTC,0.3,9,L
2015-09-07 20:35:00 UTC,7.0,213,H
2015-09-08 01:45:00 UTC,4.9,149,L
2015-09-08 06:18:00 UTC,6.3,192,H
2015-09-08 13:37:00 UTC,0.4,12,L
2015-09-08 21:25:00 UTC,7.2,219,H
2015-09-09 02:51:00 UTC,4.6,140,L
2015-09-09 07:32:00 UTC,6.2,189,H
2015-09-09 14:31:00 UTC,0.5,15,L
2015-09-09 22:05:00 UTC,7.3,223,H
2015-09-10 03:36:00 UTC,4.2,128,L
2015-09-10 08:37:00 UTC,6.2,189,H
2015-09-10 15:17:00 UTC,0.7,21,L
2015-09-10 22:38:00 UTC,7.3,223,H
2015-09-11 04:08:00 UTC,3.8,116,L
2015-09-11 09:31:00 UTC,6.3,192,H
2015-09-11 15:55:00 UTC,0.9,27,L
2015-09-11 23:05:00 UTC,7.2,219,H
2015-09-12 04:36:00 UTC,3.3,101,L
2015-09-12 10:18:00 UTC,6.4,195,H
2015-09-12 16:30:00 UTC,1.2,37,L
2015-09-12 23:26:00 UTC,7.1,216,H
2015-09-13 05:04:00 UTC,2.9,88,L
2015-09-13 11:00:00 UTC,6.4,195,H
2015-09-13 17:05:00 UTC,1.6,49,L
2015-09-13 23:45:00 UTC,7.1,216,H
2015-09-14 05:34:00 UTC,2.4,73,L
2015-09-14 11:42:00 UTC,6.5,198,H
2015-09-14 17:39:00 UTC,2.0,61,L
2015-09-15 00:04:00 UTC,7.1,216,H
2015-09-15 06:06:00 UTC,2.0,61,L
2015-09-15 12:25:00 UTC,6.5,198,H
2015-09-15 18:14:00 UTC,2.5,76,L
2015-09-16 00:28:00 UTC,7.0,213,H
2015-09-16 06:40:00 UTC,1.6,49,L
2015-09-16 13:10:00 UTC,6.5,198,H
2015-09-16 18:52:00 UTC,3.1,94,L
2015-09-17 00:55:00 UTC,7.0,213,H
2015-09-17 07:17:00 UTC,1.2,37,L
2015-09-17 13:59:00 UTC,6.4,195,H
2015-09-17 19:31:00 UTC,3.7,113,L
2015-09-18 01:26:00 UTC,6.8,207,H
2015-09-18 07:58:00 UTC,1.0,30,L
2015-09-18 14:53:00 UTC,6.3,192,H
2015-09-18 20:15:00 UTC,4.3,131,L
2015-09-19 01:58:00 UTC,6.7,204,H
2015-09-19 08:42:00 UTC,0.8,24,L
2015-09-19 15:54:00 UTC,6.2,189,H
2015-09-19 21:06:00 UTC,4.8,146,L
2015-09-20 02:34:00 UTC,6.5,198,H
2015-09-20 09:32:00 UTC,0.7,21,L
2015-09-20 17:09:00 UTC,6.2,189,H
2015-09-20 22:12:00 UTC,5.2,158,L
2015-09-21 03:16:00 UTC,6.3,192,H
2015-09-21 10:29:00 UTC,0.7,21,L
2015-09-21 18:36:00 UTC,6.3,192,H
2015-09-21 23:32:00 UTC,5.3,162,L
2015-09-22 04:08:00 UTC,6.1,186,H
2015-09-22 11:31:00 UTC,0.6,18,L
2015-09-22 19:44:00 UTC,6.6,201,H
2015-09-23 00:47:00 UTC,5.2,158,L
2015-09-23 05:15:00 UTC,6.0,183,H
2015-09-23 12:33:00 UTC,0.4,12,L
2015-09-23 20:29:00 UTC,6.8,207,H
2015-09-24 01:43:00 UTC,4.7,143,L
2015-09-24 06:31:00 UTC,6.1,186,H
2015-09-24 13:32:00 UTC,0.3,9,L
2015-09-24 21:05:00 UTC,7.1,216,H
2015-09-25 02:28:00 UTC,4.1,125,L
2015-09-25 07:46:00 UTC,6.3,192,H
2015-09-25 14:25:00 UTC,0.3,9,L
2015-09-25 21:36:00 UTC,7.3,223,H
2015-09-26 03:10:00 UTC,3.2,98,L
2015-09-26 08:55:00 UTC,6.7,204,H
2015-09-26 15:15:00 UTC,0.4,12,L
2015-09-26 22:07:00 UTC,7.5,229,H
2015-09-27 03:52:00 UTC,2.2,67,L
2015-09-27 09:59:00 UTC,7.0,213,H
2015-09-27 16:02:00 UTC,0.8,24,L
2015-09-27 22:39:00 UTC,7.7,235,H
2015-09-28 04:35:00 UTC,1.3,40,L
2015-09-28 11:00:00 UTC,7.3,223,H
2015-09-28 16:49:00 UTC,1.4,43,L
2015-09-28 23:12:00 UTC,7.8,238,H
2015-09-29 05:19:00 UTC,0.4,12,L
2015-09-29 11:59:00 UTC,7.5,229,H
2015-09-29 17:36:00 UTC,2.1,64,L
2015-09-29 23:47:00 UTC,7.8,238,H
2015-09-30 06:06:00 UTC,-0.2,-6,L
2015-09-30 13:00:00 UTC,7.5,229,H
2015-09-30 18:25:00 UTC,2.9,88,L
2015-10-01 00:24:00 UTC,7.8,238,H
2015-10-01 06:54:00 UTC,-0.6,-18,L
2015-10-01 14:02:00 UTC,7.5,229,H
2015-10-01 19:17:00 UTC,3.7,113,L
2015-10-02 01:03:00 UTC,7.5,229,H
2015-10-02 07:44:00 UTC,-0.7,-21,L
2015-10-02 15:09:00 UTC,7.4,226,H
2015-10-02 20:17:00 UTC,4.4,134,L
2015-10-03 01:46:00 UTC,7.2,219,H
2015-10-03 08:38:00 UTC,-0.4,-12,L
2015-10-03 16:21:00 UTC,7.3,223,H
2015-10-03 21:29:00 UTC,4.9,149,L
2015-10-04 02:35:00 UTC,6.7,204,H
2015-10-04 09:36:00 UTC,0.0,0,L
2015-10-04 17:39:00 UTC,7.2,219,H
2015-10-04 23:04:00 UTC,5.0,152,L
2015-10-05 03:31:00 UTC,6.2,189,H
2015-10-05 10:40:00 UTC,0.5,15,L
2015-10-05 18:51:00 UTC,7.3,223,H
2015-10-06 00:50:00 UTC,4.8,146,L
2015-10-06 04:42:00 UTC,5.8,177,H
2015-10-06 11:48:00 UTC,1.0,30,L
2015-10-06 19:50:00 UTC,7.4,226,H
2015-10-07 02:02:00 UTC,4.3,131,L
2015-10-07 06:09:00 UTC,5.5,168,H
2015-10-07 12:55:00 UTC,1.4,43,L
2015-10-07 20:37:00 UTC,7.4,226,H
2015-10-08 02:50:00 UTC,3.8,116,L
2015-10-08 07:40:00 UTC,5.5,168,H
2015-10-08 13:55:00 UTC,1.7,52,L
2015-10-08 21:14:00 UTC,7.4,226,H
2015-10-09 03:23:00 UTC,3.2,98,L
2015-10-09 08:52:00 UTC,5.8,177,H
2015-10-09 14:44:00 UTC,2.1,64,L
2015-10-09 21:43:00 UTC,7.3,223,H
2015-10-10 03:49:00 UTC,2.7,82,L
2015-10-10 09:47:00 UTC,6.1,186,H
2015-10-10 15:26:00 UTC,2.4,73,L
2015-10-10 22:04:00 UTC,7.2,219,H
2015-10-11 04:12:00 UTC,2.2,67,L
2015-10-11 10:33:00 UTC,6.4,195,H
2015-10-11 16:04:00 UTC,2.8,85,L
2015-10-11 22:22:00 UTC,7.1,216,H
2015-10-12 04:36:00 UTC,1.6,49,L
2015-10-12 11:15:00 UTC,6.6,201,H
2015-10-12 16:39:00 UTC,3.2,98,L
2015-10-12 22:40:00 UTC,7.1,216,H
2015-10-13 05:02:00 UTC,1.1,34,L
2015-10-13 11:54:00 UTC,6.8,207,H
2015-10-13 17:15:00 UTC,3.6,110,L
2015-10-13 23:03:00 UTC,7.1,216,H
2015-10-14 05:32:00 UTC,0.7,21,L
2015-10-14 12:34:00 UTC,7.0,213,H
2015-10-14 17:52:00 UTC,4.0,122,L
2015-10-14 23:29:00 UTC,7.0,213,H
2015-10-15 06:04:00 UTC,0.3,9,L
2015-10-15 13:15:00 UTC,7.1,216,H
2015-10-15 18:31:00 UTC,4.5,137,L
2015-10-15 23:58:00 UTC,6.9,210,H
2015-10-16 06:40:00 UTC,0.0,0,L
2015-10-16 14:00:00 UTC,7.2,219,H
2015-10-16 19:14:00 UTC,4.9,149,L
2015-10-17 00:29:00 UTC,6.7,204,H
2015-10-17 07:18:00 UTC,-0.1,-3,L
2015-10-17 14:49:00 UTC,7.2,219,H
2015-10-17 20:03:00 UTC,5.2,158,L
2015-10-18 01:02:00 UTC,6.5,198,H
2015-10-18 08:01:00 UTC,-0.1,-3,L
2015-10-18 15:43:00 UTC,7.2,219,H
2015-10-18 21:02:00 UTC,5.4,165,L
2015-10-19 01:40:00 UTC,6.2,189,H
2015-10-19 08:49:00 UTC,0.1,3,L
2015-10-19 16:42:00 UTC,7.2,219,H
2015-10-19 22:17:00 UTC,5.5,168,L
2015-10-20 02:28:00 UTC,5.9,180,H
2015-10-20 09:44:00 UTC,0.3,9,L
2015-10-20 17:43:00 UTC,7.2,219,H
2015-10-20 23:43:00 UTC,5.2,158,L
2015-10-21 03:36:00 UTC,5.6,171,H
2015-10-21 10:45:00 UTC,0.6,18,L
2015-10-21 18:38:00 UTC,7.3,223,H
2015-10-22 00:49:00 UTC,4.7,143,L
2015-10-22 05:00:00 UTC,5.4,165,H
2015-10-22 11:49:00 UTC,0.9,27,L
2015-10-22 19:24:00 UTC,7.4,226,H
2015-10-23 01:35:00 UTC,3.9,119,L
2015-10-23 06:30:00 UTC,5.5,168,H
2015-10-23 12:52:00 UTC,1.2,37,L
2015-10-23 20:03:00 UTC,7.5,229,H
2015-10-24 02:15:00 UTC,2.9,88,L
2015-10-24 07:56:00 UTC,5.9,180,H
2015-10-24 13:51:00 UTC,1.6,49,L
2015-10-24 20:38:00 UTC,7.7,235,H
2015-10-25 02:54:00 UTC,1.8,55,L
2015-10-25 09:11:00 UTC,6.4,195,H
2015-10-25 14:45:00 UTC,2.1,64,L
2015-10-25 21:12:00 UTC,7.9,241,H
2015-10-26 03:35:00 UTC,0.7,21,L
2015-10-26 10:17:00 UTC,7.0,213,H
2015-10-26 15:37:00 UTC,2.7,82,L
2015-10-26 21:46:00 UTC,8.0,244,H
2015-10-27 04:16:00 UTC,-0.3,-9,L
2015-10-27 11:16:00 UTC,7.5,229,H
2015-10-27 16:26:00 UTC,3.3,101,L
2015-10-27 22:21:00 UTC,8.0,244,H
2015-10-28 04:59:00 UTC,-1.1,-34,L
2015-10-28 12:13:00 UTC,7.9,241,H
2015-10-28 17:17:00 UTC,4.0,122,L
2015-10-28 22:58:00 UTC,8.0,244,H
2015-10-29 05:42:00 UTC,-1.5,-46,L
2015-10-29 13:09:00 UTC,8.1,247,H
2015-10-29 18:09:00 UTC,4.5,137,L
2015-10-29 23:36:00 UTC,7.7,235,H
2015-10-30 06:28:00 UTC,-1.6,-49,L
2015-10-30 14:05:00 UTC,8.2,250,H
2015-10-30 19:06:00 UTC,5.0,152,L
2015-10-31 00:18:00 UTC,7.4,226,H
2015-10-31 07:15:00 UTC,-1.3,-40,L
2015-10-31 15:03:00 UTC,8.1,247,H
2015-10-31 20:12:00 UTC,5.3,162,L
2015-11-01 01:03:00 UTC,6.9,210,H
2015-11-01 08:04:00 UTC,-0.8,-24,L
2015-11-01 16:02:00 UTC,8.0,244,H
2015-11-01 21:36:00 UTC,5.3,162,L
2015-11-02 01:55:00 UTC,6.3,192,H
2015-11-02 08:57:00 UTC,-0.1,-3,L
2015-11-02 17:03:00 UTC,7.9,241,H
2015-11-02 23:28:00 UTC,5.0,152,L
2015-11-03 02:56:00 UTC,5.7,174,H
2015-11-03 09:54:00 UTC,0.7,21,L
2015-11-03 18:01:00 UTC,7.8,238,H
2015-11-04 00:53:00 UTC,4.4,134,L
2015-11-04 04:12:00 UTC,5.1,155,H
2015-11-04 10:55:00 UTC,1.5,46,L
2015-11-04 18:52:00 UTC,7.7,235,H
2015-11-05 01:48:00 UTC,3.8,116,L
2015-11-05 05:53:00 UTC,4.9,149,H
2015-11-05 12:00:00 UTC,2.2,67,L
2015-11-05 19:35:00 UTC,7.6,232,H
2015-11-06 02:28:00 UTC,3.1,94,L
2015-11-06 07:45:00 UTC,5.1,155,H
2015-11-06 13:03:00 UTC,2.8,85,L
2015-11-06 20:08:00 UTC,7.5,229,H
2015-11-07 02:57:00 UTC,2.5,76,L
2015-11-07 09:04:00 UTC,5.5,168,H
2015-11-07 13:59:00 UTC,3.4,104,L
2015-11-07 20:33:00 UTC,7.4,226,H
2015-11-08 03:21:00 UTC,1.8,55,L
2015-11-08 10:01:00 UTC,6.0,183,H
2015-11-08 14:48:00 UTC,3.9,119,L
2015-11-08 20:54:00 UTC,7.3,223,H
2015-11-09 03:43:00 UTC,1.2,37,L
2015-11-09 10:47:00 UTC,6.5,198,H
2015-11-09 15:32:00 UTC,4.3,131,L
2015-11-09 21:15:00 UTC,7.3,223,H
2015-11-10 04:07:00 UTC,0.6,18,L
2015-11-10 11:27:00 UTC,6.9,210,H
2015-11-10 16:12:00 UTC,4.7,143,L
2015-11-10 21:39:00 UTC,7.3,223,H
2015-11-11 04:33:00 UTC,0.1,3,L
2015-11-11 12:04:00 UTC,7.3,223,H
2015-11-11 16:51:00 UTC,5.0,152,L
2015-11-11 22:06:00 UTC,7.3,223,H
2015-11-12 05:03:00 UTC,-0.4,-12,L
2015-11-12 12:40:00 UTC,7.5,229,H
2015-11-12 17:31:00 UTC,5.3,162,L
2015-11-12 22:35:00 UTC,7.2,219,H
2015-11-13 05:36:00 UTC,-0.7,-21,L
2015-11-13 13:18:00 UTC,7.8,238,H
2015-11-13 18:13:00 UTC,5.5,168,L
2015-11-13 23:07:00 UTC,7.0,213,H
2015-11-14 06:11:00 UTC,-0.9,-27,L
2015-11-14 13:58:00 UTC,7.9,241,H
2015-11-14 18:59:00 UTC,5.7,174,L
2015-11-14 23:39:00 UTC,6.8,207,H
2015-11-15 06:50:00 UTC,-0.9,-27,L
2015-11-15 14:41:00 UTC,8.0,244,H
2015-11-15 19:51:00 UTC,5.8,177,L
2015-11-16 00:15:00 UTC,6.5,198,H
2015-11-16 07:33:00 UTC,-0.8,-24,L
2015-11-16 15:26:00 UTC,8.0,244,H
2015-11-16 20:54:00 UTC,5.7,174,L
2015-11-17 00:59:00 UTC,6.2,189,H
2015-11-17 08:19:00 UTC,-0.5,-15,L
2015-11-17 16:13:00 UTC,8.0,244,H
2015-11-17 22:11:00 UTC,5.4,165,L
2015-11-18 02:01:00 UTC,5.7,174,H
2015-11-18 09:10:00 UTC,0.1,3,L
2015-11-18 16:59:00 UTC,8.0,244,H
2015-11-18 23:31:00 UTC,4.8,146,L
2015-11-19 03:22:00 UTC,5.3,162,H
2015-11-19 10:07:00 UTC,0.7,21,L
2015-11-19 17:44:00 UTC,8.0,244,H
2015-11-20 00:30:00 UTC,4.0,122,L
2015-11-20 04:56:00 UTC,5.0,152,H
2015-11-20 11:08:00 UTC,1.5,46,L
2015-11-20 18:26:00 UTC,8.0,244,H
2015-11-21 01:15:00 UTC,2.9,88,L
2015-11-21 06:39:00 UTC,5.1,155,H
2015-11-21 12:13:00 UTC,2.3,70,L
2015-11-21 19:06:00 UTC,8.1,247,H
2015-11-22 01:57:00 UTC,1.7,52,L
2015-11-22 08:17:00 UTC,5.6,171,H
2015-11-22 13:16:00 UTC,3.1,94,L
2015-11-22 19:44:00 UTC,8.2,250,H
2015-11-23 02:37:00 UTC,0.6,18,L
2015-11-23 09:35:00 UTC,6.4,195,H
2015-11-23 14:16:00 UTC,3.8,116,L
2015-11-23 20:22:00 UTC,8.3,253,H
2015-11-24 03:18:00 UTC,-0.5,-15,L
2015-11-24 10:37:00 UTC,7.2,219,H
2015-11-24 15:13:00 UTC,4.4,134,L
2015-11-24 20:59:00 UTC,8.3,253,H
2015-11-25 03:59:00 UTC,-1.3,-40,L
2015-11-25 11:31:00 UTC,7.8,238,H
2015-11-25 16:08:00 UTC,4.9,149,L
2015-11-25 21:37:00 UTC,8.2,250,H
2015-11-26 04:40:00 UTC,-1.9,-58,L
2015-11-26 12:22:00 UTC,8.3,253,H
2015-11-26 17:02:00 UTC,5.3,162,L
2015-11-26 22:17:00 UTC,8.0,244,H
2015-11-27 05:23:00 UTC,-2.0,-61,L
2015-11-27 13:11:00 UTC,8.5,259,H
2015-11-27 17:57:00 UTC,5.5,168,L
2015-11-27 22:59:00 UTC,7.7,235,H
2015-11-28 06:06:00 UTC,-1.9,-58,L
2015-11-28 13:59:00 UTC,8.6,262,H
2015-11-28 18:57:00 UTC,5.6,171,L
2015-11-28 23:43:00 UTC,7.2,219,H
2015-11-29 06:50:00 UTC,-1.4,-43,L
2015-11-29 14:46:00 UTC,8.6,262,H
2015-11-29 20:04:00 UTC,5.6,171,L
2015-11-30 00:31:00 UTC,6.7,204,H
2015-11-30 07:35:00 UTC,-0.8,-24,L
2015-11-30 15:33:00 UTC,8.5,259,H
2015-11-30 21:26:00 UTC,5.3,162,L
2015-12-01 01:24:00 UTC,6.1,186,H
2015-12-01 08:22:00 UTC,0.0,0,L
2015-12-01 16:18:00 UTC,8.3,253,H
2015-12-01 23:01:00 UTC,4.8,146,L
2015-12-02 02:25:00 UTC,5.4,165,H
2015-12-02 09:11:00 UTC,0.9,27,L
2015-12-02 17:01:00 UTC,8.1,247,H
2015-12-03 00:15:00 UTC,4.2,128,L
2015-12-03 03:40:00 UTC,4.9,149,H
2015-12-03 10:03:00 UTC,1.9,58,L
2015-12-03 17:41:00 UTC,8.0,244,H
2015-12-04 01:07:00 UTC,3.4,104,L
2015-12-04 05:21:00 UTC,4.6,140,H
2015-12-04 11:00:00 UTC,2.8,85,L
2015-12-04 18:16:00 UTC,7.8,238,H
2015-12-05 01:47:00 UTC,2.7,82,L
2015-12-05 07:42:00 UTC,4.8,146,H
2015-12-05 12:02:00 UTC,3.7,113,L
2015-12-05 18:47:00 UTC,7.7,235,H
2015-12-06 02:18:00 UTC,2.0,61,L
2015-12-06 09:11:00 UTC,5.4,165,H
2015-12-06 13:05:00 UTC,4.4,134,L
2015-12-06 19:16:00 UTC,7.6,232,H
2015-12-07 02:44:00 UTC,1.3,40,L
2015-12-07 10:09:00 UTC,6.1,186,H
2015-12-07 14:04:00 UTC,5.0,152,L
2015-12-07 19:45:00 UTC,7.6,232,H
2015-12-08 03:10:00 UTC,0.7,21,L
2015-12-08 10:53:00 UTC,6.7,204,H
2015-12-08 14:57:00 UTC,5.4,165,L
2015-12-08 20:15:00 UTC,7.5,229,H
2015-12-09 03:37:00 UTC,0.1,3,L
2015-12-09 11:31:00 UTC,7.2,219,H
2015-12-09 15:44:00 UTC,5.7,174,L
2015-12-09 20:47:00 UTC,7.5,229,H
2015-12-10 04:06:00 UTC,-0.5,-15,L
2015-12-10 12:04:00 UTC,7.6,232,H
2015-12-10 16:27:00 UTC,5.9,180,L
2015-12-10 21:20:00 UTC,7.5,229,H
2015-12-11 04:38:00 UTC,-0.9,-27,L
2015-12-11 12:36:00 UTC,7.9,241,H
2015-12-11 17:09:00 UTC,6.0,183,L
2015-12-11 21:55:00 UTC,7.4,226,H
2015-12-12 05:13:00 UTC,-1.3,-40,L
2015-12-12 13:09:00 UTC,8.1,247,H
2015-12-12 17:53:00 UTC,6.1,186,L
2015-12-12 22:32:00 UTC,7.3,223,H
2015-12-13 05:50:00 UTC,-1.4,-43,L
2015-12-13 13:44:00 UTC,8.3,253,H
2015-12-13 18:39:00 UTC,6.0,183,L
2015-12-13 23:13:00 UTC,7.0,213,H
2015-12-14 06:30:00 UTC,-1.4,-43,L
2015-12-14 14:20:00 UTC,8.4,256,H
2015-12-14 19:32:00 UTC,5.8,177,L
2015-12-15 00:00:00 UTC,6.7,204,H
2015-12-15 07:12:00 UTC,-1.1,-34,L
2015-12-15 14:58:00 UTC,8.5,259,H
2015-12-15 20:31:00 UTC,5.4,165,L
2015-12-16 00:56:00 UTC,6.2,189,H
2015-12-16 07:57:00 UTC,-0.6,-18,L
2015-12-16 15:36:00 UTC,8.5,259,H
2015-12-16 21:37:00 UTC,4.8,146,L
2015-12-17 02:04:00 UTC,5.7,174,H
2015-12-17 08:44:00 UTC,0.2,6,L
2015-12-17 16:16:00 UTC,8.5,259,H
2015-12-17 22:46:00 UTC,4.0,122,L
2015-12-18 03:25:00 UTC,5.2,158,H
2015-12-18 09:36:00 UTC,1.2,37,L
2015-12-18 16:55:00 UTC,8.4,256,H
2015-12-18 23:49:00 UTC,3.0,91,L
2015-12-19 05:01:00 UTC,4.9,149,H
2015-12-19 10:33:00 UTC,2.4,73,L
2015-12-19 17:35:00 UTC,8.4,256,H
2015-12-20 00:44:00 UTC,1.9,58,L
2015-12-20 06:58:00 UTC,5.1,155,H
2015-12-20 11:37:00 UTC,3.5,107,L
2015-12-20 18:16:00 UTC,8.4,256,H
2015-12-21 01:33:00 UTC,0.8,24,L
2015-12-21 08:42:00 UTC,5.8,177,H
2015-12-21 12:46:00 UTC,4.4,134,L
2015-12-21 18:57:00 UTC,8.4,256,H
2015-12-22 02:19:00 UTC,-0.2,-6,L
2015-12-22 09:54:00 UTC,6.7,204,H
2015-12-22 13:54:00 UTC,5.1,155,L
2015-12-22 19:40:00 UTC,8.3,253,H
2015-12-23 03:02:00 UTC,-1.0,-30,L
2015-12-23 10:49:00 UTC,7.5,229,H
2015-12-23 14:58:00 UTC,5.6,171,L
2015-12-23 20:23:00 UTC,8.3,253,H
2015-12-24 03:44:00 UTC,-1.5,-46,L
2015-12-24 11:36:00 UTC,8.1,247,H
2015-12-24 15:57:00 UTC,5.8,177,L
2015-12-24 21:08:00 UTC,8.1,247,H
2015-12-25 04:26:00 UTC,-1.8,-55,L
2015-12-25 12:20:00 UTC,8.4,256,H
2015-12-25 16:53:00 UTC,5.9,180,L
2015-12-25 21:52:00 UTC,7.9,241,H
2015-12-26 05:07:00 UTC,-1.8,-55,L
2015-12-26 13:01:00 UTC,8.6,262,H
2015-12-26 17:47:00 UTC,5.8,177,L
2015-12-26 22:38:00 UTC,7.5,229,H
2015-12-27 05:48:00 UTC,-1.6,-49,L
2015-12-27 13:40:00 UTC,8.7,265,H
2015-12-27 18:43:00 UTC,5.6,171,L
2015-12-27 23:25:00 UTC,7.1,216,H
2015-12-28 06:29:00 UTC,-1.1,-34,L
2015-12-28 14:18:00 UTC,8.6,262,H
2015-12-28 19:41:00 UTC,5.3,162,L
2015-12-29 00:14:00 UTC,6.6,201,H
2015-12-29 07:10:00 UTC,-0.4,-12,L
2015-12-29 14:53:00 UTC,8.5,259,H
2015-12-29 20:43:00 UTC,4.9,149,L
2015-12-30 01:06:00 UTC,6.0,183,H
2015-12-30 07:52:00 UTC,0.4,12,L
2015-12-30 15:26:00 UTC,8.4,256,H
2015-12-30 21:49:00 UTC,4.4,134,L
2015-12-31 02:04:00 UTC,5.5,168,H
2015-12-31 08:34:00 UTC,1.3,40,L
2015-12-31 15:58:00 UTC,8.2,250,H
2015-12-31 22:53:00 UTC,3.8,116,L
