date,day,time,inches,centimeters,tide
2013/12/31,Tue,10:09 AM,-0.7,-21,L
2013/12/31,Tue,03:08 PM,16.4,500,H
2013/12/31,Tue,10:55 PM,2.5,76,L
2014/01/01,Wed,01:02 AM,15.7,479,H
2014/01/01,Wed,11:03 AM,-0.8,-24,L
2014/01/01,Wed,03:59 PM,17.3,527,H
2014/01/01,Wed,11:59 PM,2.3,70,L
2014/01/02,Thu,02:11 AM,15.3,466,H
2014/01/02,Thu,11:59 AM,-0.9,-27,L
2014/01/02,Thu,04:50 PM,18.0,549,H
2014/01/03,Fri,01:00 AM,2.0,61,L
2014/01/03,Fri,03:26 AM,14.9,454,H
2014/01/03,Fri,12:56 PM,-0.8,-24,L
2014/01/03,Fri,05:39 PM,18.6,567,H
2014/01/04,Sat,02:02 AM,1.6,49,L
2014/01/04,Sat,04:44 AM,14.6,445,H
2014/01/04,Sat,01:54 PM,-0.6,-18,L
2014/01/04,Sat,06:28 PM,19.1,582,H
2014/01/05,Sun,03:03 AM,1.2,37,L
2014/01/05,Sun,06:03 AM,14.4,439,H
2014/01/05,Sun,02:54 PM,-0.3,-9,L
2014/01/05,Sun,07:17 PM,19.3,588,H
2014/01/06,Mon,04:02 AM,0.8,24,L
2014/01/06,Mon,07:20 AM,14.4,439,H
2014/01/06,Mon,03:54 PM,0.1,3,L
2014/01/06,Mon,08:05 PM,19.2,585,H
2014/01/07,Tue,05:00 AM,0.4,12,L
2014/01/07,Tue,08:34 AM,14.7,448,H
2014/01/07,Tue,04:54 PM,0.5,15,L
2014/01/07,Tue,08:53 PM,18.8,573,H
2014/01/08,Wed,05:56 AM,0.0,0,L
2014/01/08,Wed,09:46 AM,15.0,457,H
2014/01/08,Wed,05:54 PM,0.9,27,L
2014/01/08,Wed,09:40 PM,18.2,555,H
2014/01/09,Thu,06:51 AM,-0.2,-6,L
2014/01/09,Thu,10:55 AM,15.3,466,H
2014/01/09,Thu,06:56 PM,1.3,40,L
2014/01/09,Thu,10:27 PM,17.3,527,H
2014/01/10,Fri,07:44 AM,-0.4,-12,L
2014/01/10,Fri,12:00 PM,15.7,479,H
2014/01/10,Fri,07:57 PM,1.7,52,L
2014/01/10,Fri,11:13 PM,16.3,497,H
2014/01/11,Sat,08:35 AM,-0.4,-12,L
2014/01/11,Sat,01:02 PM,16.0,488,H
2014/01/11,Sat,08:57 PM,1.9,58,L
2014/01/11,Sat,11:57 PM,15.2,463,H
2014/01/12,Sun,09:23 AM,-0.4,-12,L
2014/01/12,Sun,02:00 PM,16.1,491,H
2014/01/12,Sun,09:55 PM,2.1,64,L
2014/01/13,Mon,12:38 AM,14.2,433,H
2014/01/13,Mon,10:08 AM,-0.3,-9,L
2014/01/13,Mon,02:55 PM,16.1,491,H
2014/01/13,Mon,10:50 PM,2.3,70,L
2014/01/14,Tue,01:17 AM,13.3,405,H
2014/01/14,Tue,10:51 AM,-0.1,-3,L
2014/01/14,Tue,03:44 PM,16.1,491,H
2014/01/14,Tue,11:44 PM,2.4,73,L
2014/01/15,Wed,01:56 AM,12.5,381,H
2014/01/15,Wed,11:31 AM,0.0,0,L
2014/01/15,Wed,04:28 PM,16.0,488,H
2014/01/16,Thu,12:34 AM,2.4,73,L
2014/01/16,Thu,02:38 AM,11.9,363,H
2014/01/16,Thu,12:10 PM,0.2,6,L
2014/01/16,Thu,05:05 PM,15.9,485,H
2014/01/17,Fri,01:22 AM,2.3,70,L
2014/01/17,Fri,03:26 AM,11.4,347,H
2014/01/17,Fri,12:48 PM,0.3,9,L
2014/01/17,Fri,05:39 PM,15.8,482,H
2014/01/18,Sat,02:07 AM,2.2,67,L
2014/01/18,Sat,04:20 AM,11.1,338,H
2014/01/18,Sat,01:25 PM,0.5,15,L
2014/01/18,Sat,06:10 PM,15.8,482,H
2014/01/19,Sun,02:51 AM,2.0,61,L
2014/01/19,Sun,05:17 AM,10.9,332,H
2014/01/19,Sun,02:04 PM,0.7,21,L
2014/01/19,Sun,06:40 PM,15.7,479,H
2014/01/20,Mon,03:32 AM,1.8,55,L
2014/01/20,Mon,06:17 AM,11.0,335,H
2014/01/20,Mon,02:45 PM,0.9,27,L
2014/01/20,Mon,07:09 PM,15.6,475,H
2014/01/21,Tue,04:10 AM,1.5,46,L
2014/01/21,Tue,07:19 AM,11.2,341,H
2014/01/21,Tue,03:28 PM,1.2,37,L
2014/01/21,Tue,07:37 PM,15.5,472,H
2014/01/22,Wed,04:47 AM,1.2,37,L
2014/01/22,Wed,08:19 AM,11.6,354,H
2014/01/22,Wed,04:13 PM,1.4,43,L
2014/01/22,Wed,08:04 PM,15.3,466,H
2014/01/23,Thu,05:23 AM,0.9,27,L
2014/01/23,Thu,09:18 AM,12.2,372,H
2014/01/23,Thu,05:00 PM,1.7,52,L
2014/01/23,Thu,08:30 PM,15.2,463,H
2014/01/24,Fri,06:00 AM,0.6,18,L
2014/01/24,Fri,10:15 AM,12.8,390,H
2014/01/24,Fri,05:50 PM,2.0,61,L
2014/01/24,Fri,08:59 PM,15.3,466,H
2014/01/25,Sat,06:39 AM,0.2,6,L
2014/01/25,Sat,11:11 AM,13.6,415,H
2014/01/25,Sat,06:43 PM,2.2,67,L
2014/01/25,Sat,09:33 PM,15.4,469,H
2014/01/26,Sun,07:22 AM,-0.1,-3,L
2014/01/26,Sun,12:04 PM,14.4,439,H
2014/01/26,Sun,07:39 PM,2.3,70,L
2014/01/26,Sun,10:15 PM,15.7,479,H
2014/01/27,Mon,08:09 AM,-0.4,-12,L
2014/01/27,Mon,12:55 PM,15.1,460,H
2014/01/27,Mon,08:37 PM,2.3,70,L
2014/01/27,Mon,11:04 PM,15.8,482,H
2014/01/28,Tue,08:59 AM,-0.6,-18,L
2014/01/28,Tue,01:45 PM,15.7,479,H
2014/01/28,Tue,09:35 PM,2.3,70,L
2014/01/29,Wed,12:00 AM,15.9,485,H
2014/01/29,Wed,09:52 AM,-0.7,-21,L
2014/01/29,Wed,02:36 PM,16.3,497,H
2014/01/29,Wed,10:35 PM,2.1,64,L
2014/01/30,Thu,01:02 AM,15.7,479,H
2014/01/30,Thu,10:46 AM,-0.8,-24,L
2014/01/30,Thu,03:27 PM,16.9,515,H
2014/01/30,Thu,11:35 PM,1.9,58,L
2014/01/31,Fri,02:11 AM,15.4,469,H
2014/01/31,Fri,11:43 AM,-0.7,-21,L
2014/01/31,Fri,04:16 PM,17.4,530,H
2014/02/01,Sat,12:36 AM,1.6,49,L
2014/02/01,Sat,03:27 AM,15.1,460,H
2014/02/01,Sat,12:40 PM,-0.5,-15,L
2014/02/01,Sat,05:05 PM,17.9,546,H
2014/02/02,Sun,01:36 AM,1.2,37,L
2014/02/02,Sun,04:44 AM,15.0,457,H
2014/02/02,Sun,01:39 PM,-0.2,-6,L
2014/02/02,Sun,05:54 PM,18.1,552,H
2014/02/03,Mon,02:35 AM,0.7,21,L
2014/02/03,Mon,05:59 AM,15.0,457,H
2014/02/03,Mon,02:38 PM,0.1,3,L
2014/02/03,Mon,06:43 PM,18.2,555,H
2014/02/04,Tue,03:34 AM,0.4,12,L
2014/02/04,Tue,07:12 AM,15.2,463,H
2014/02/04,Tue,03:38 PM,0.5,15,L
2014/02/04,Tue,07:32 PM,18.0,549,H
2014/02/05,Wed,04:31 AM,0.0,0,L
2014/02/05,Wed,08:22 AM,15.4,469,H
2014/02/05,Wed,04:38 PM,0.8,24,L
2014/02/05,Wed,08:21 PM,17.5,533,H
2014/02/06,Thu,05:27 AM,-0.2,-6,L
2014/02/06,Thu,09:29 AM,15.6,475,H
2014/02/06,Thu,05:38 PM,1.1,34,L
2014/02/06,Thu,09:10 PM,16.9,515,H
2014/02/07,Fri,06:21 AM,-0.3,-9,L
2014/02/07,Fri,10:34 AM,15.8,482,H
2014/02/07,Fri,06:38 PM,1.4,43,L
2014/02/07,Fri,09:59 PM,16.1,491,H
2014/02/08,Sat,07:14 AM,-0.3,-9,L
2014/02/08,Sat,11:36 AM,15.8,482,H
2014/02/08,Sat,07:38 PM,1.7,52,L
2014/02/08,Sat,10:47 PM,15.2,463,H
2014/02/09,Sun,08:06 AM,-0.3,-9,L
2014/02/09,Sun,12:34 PM,15.8,482,H
2014/02/09,Sun,08:36 PM,1.9,58,L
2014/02/09,Sun,11:33 PM,14.4,439,H
2014/02/10,Mon,08:54 AM,-0.2,-6,L
2014/02/10,Mon,01:28 PM,15.6,475,H
2014/02/10,Mon,09:31 PM,2.0,61,L
2014/02/11,Tue,12:17 AM,13.6,415,H
2014/02/11,Tue,09:40 AM,0.0,0,L
2014/02/11,Tue,02:19 PM,15.4,469,H
2014/02/11,Tue,10:23 PM,2.1,64,L
2014/02/12,Wed,12:59 AM,12.9,393,H
2014/02/12,Wed,10:23 AM,0.1,3,L
2014/02/12,Wed,03:05 PM,15.1,460,H
2014/02/12,Wed,11:12 PM,2.1,64,L
2014/02/13,Thu,01:42 AM,12.3,375,H
2014/02/13,Thu,11:03 AM,0.3,9,L
2014/02/13,Thu,03:44 PM,14.9,454,H
2014/02/13,Thu,11:58 PM,2.1,64,L
2014/02/14,Fri,02:28 AM,11.9,363,H
2014/02/14,Fri,11:42 AM,0.5,15,L
2014/02/14,Fri,04:19 PM,14.7,448,H
2014/02/15,Sat,12:41 AM,2.0,61,L
2014/02/15,Sat,03:18 AM,11.6,354,H
2014/02/15,Sat,12:20 PM,0.6,18,L
2014/02/15,Sat,04:50 PM,14.5,442,H
2014/02/16,Sun,01:22 AM,1.9,58,L
2014/02/16,Sun,04:13 AM,11.5,351,H
2014/02/16,Sun,12:59 PM,0.8,24,L
2014/02/16,Sun,05:19 PM,14.4,439,H
2014/02/17,Mon,02:01 AM,1.7,52,L
2014/02/17,Mon,05:09 AM,11.6,354,H
2014/02/17,Mon,01:40 PM,1.0,30,L
2014/02/17,Mon,05:47 PM,14.3,436,H
2014/02/18,Tue,02:39 AM,1.4,43,L
2014/02/18,Tue,06:06 AM,11.9,363,H
2014/02/18,Tue,02:23 PM,1.2,37,L
2014/02/18,Tue,06:16 PM,14.3,436,H
2014/02/19,Wed,03:17 AM,1.1,34,L
2014/02/19,Wed,07:04 AM,12.3,375,H
2014/02/19,Wed,03:09 PM,1.4,43,L
2014/02/19,Wed,06:44 PM,14.2,433,H
2014/02/20,Thu,03:55 AM,0.8,24,L
2014/02/20,Thu,08:00 AM,12.9,393,H
2014/02/20,Thu,03:58 PM,1.6,49,L
2014/02/20,Thu,07:14 PM,14.3,436,H
2014/02/21,Fri,04:35 AM,0.5,15,L
2014/02/21,Fri,08:55 AM,13.4,408,H
2014/02/21,Fri,04:47 PM,1.8,55,L
2014/02/21,Fri,07:47 PM,14.4,439,H
2014/02/22,Sat,05:17 AM,0.2,6,L
2014/02/22,Sat,09:50 AM,14.0,427,H
2014/02/22,Sat,05:38 PM,2.0,61,L
2014/02/22,Sat,08:26 PM,14.6,445,H
2014/02/23,Sun,06:03 AM,0.0,0,L
2014/02/23,Sun,10:43 AM,14.5,442,H
2014/02/23,Sun,06:31 PM,2.1,64,L
2014/02/23,Sun,09:11 PM,14.8,451,H
2014/02/24,Mon,06:53 AM,-0.2,-6,L
2014/02/24,Mon,11:35 AM,15.0,457,H
2014/02/24,Mon,07:27 PM,2.1,64,L
2014/02/24,Mon,10:04 PM,15.1,460,H
2014/02/25,Tue,07:46 AM,-0.4,-12,L
2014/02/25,Tue,12:25 PM,15.4,469,H
2014/02/25,Tue,08:24 PM,2.0,61,L
2014/02/25,Tue,11:02 PM,15.3,466,H
2014/02/26,Wed,08:41 AM,-0.5,-15,L
2014/02/26,Wed,01:13 PM,15.7,479,H
2014/02/26,Wed,09:21 PM,1.8,55,L
2014/02/27,Thu,12:04 AM,15.3,466,H
2014/02/27,Thu,09:36 AM,-0.5,-15,L
2014/02/27,Thu,02:01 PM,16.0,488,H
2014/02/27,Thu,10:18 PM,1.6,49,L
2014/02/28,Fri,01:11 AM,15.3,466,H
2014/02/28,Fri,10:32 AM,-0.4,-12,L
2014/02/28,Fri,02:50 PM,16.3,497,H
2014/02/28,Fri,11:15 PM,1.3,40,L
2014/03/01,Sat,02:22 AM,15.3,466,H
2014/03/01,Sat,11:29 AM,-0.2,-6,L
2014/03/01,Sat,03:39 PM,16.5,503,H
2014/03/02,Sun,12:13 AM,0.9,27,L
2014/03/02,Sun,03:35 AM,15.3,466,H
2014/03/02,Sun,12:27 PM,0.0,0,L
2014/03/02,Sun,04:28 PM,16.6,506,H
2014/03/03,Mon,01:10 AM,0.6,18,L
2014/03/03,Mon,04:47 AM,15.5,472,H
2014/03/03,Mon,01:25 PM,0.3,9,L
2014/03/03,Mon,05:17 PM,16.6,506,H
2014/03/04,Tue,02:07 AM,0.3,9,L
2014/03/04,Tue,05:56 AM,15.7,479,H
2014/03/04,Tue,02:24 PM,0.6,18,L
2014/03/04,Tue,06:07 PM,16.4,500,H
2014/03/05,Wed,03:03 AM,0.0,0,L
2014/03/05,Wed,07:02 AM,15.9,485,H
2014/03/05,Wed,03:24 PM,0.9,27,L
2014/03/05,Wed,06:57 PM,16.1,491,H
2014/03/06,Thu,03:59 AM,-0.1,-3,L
2014/03/06,Thu,08:06 AM,16.1,491,H
2014/03/06,Thu,04:23 PM,1.1,34,L
2014/03/06,Thu,07:48 PM,15.6,475,H
2014/03/07,Fri,04:53 AM,-0.2,-6,L
2014/03/07,Fri,09:07 AM,16.2,494,H
2014/03/07,Fri,05:22 PM,1.3,40,L
2014/03/07,Fri,08:39 PM,15.0,457,H
2014/03/08,Sat,05:46 AM,-0.2,-6,L
2014/03/08,Sat,10:05 AM,16.1,491,H
2014/03/08,Sat,06:19 PM,1.5,46,L
2014/03/08,Sat,09:29 PM,14.4,439,H
2014/03/09,Sun,07:38 AM,-0.1,-3,L
2014/03/09,Sun,12:02 PM,15.8,482,H
2014/03/09,Sun,08:16 PM,1.6,49,L
2014/03/09,Sun,11:20 PM,13.8,421,H
2014/03/10,Mon,08:30 AM,0.0,0,L
2014/03/10,Mon,12:55 PM,15.5,472,H
2014/03/10,Mon,09:11 PM,1.7,52,L
2014/03/11,Tue,12:09 AM,13.3,405,H
2014/03/11,Tue,09:19 AM,0.2,6,L
2014/03/11,Tue,01:44 PM,15.1,460,H
2014/03/11,Tue,10:03 PM,1.8,55,L
2014/03/12,Wed,12:57 AM,12.8,390,H
2014/03/12,Wed,10:05 AM,0.3,9,L
2014/03/12,Wed,02:29 PM,14.7,448,H
2014/03/12,Wed,10:51 PM,1.8,55,L
2014/03/13,Thu,01:44 AM,12.4,378,H
2014/03/13,Thu,10:49 AM,0.5,15,L
2014/03/13,Thu,03:09 PM,14.3,436,H
2014/03/13,Thu,11:35 PM,1.8,55,L
2014/03/14,Fri,02:32 AM,12.2,372,H
2014/03/14,Fri,11:30 AM,0.7,21,L
2014/03/14,Fri,03:44 PM,13.9,424,H
2014/03/15,Sat,12:17 AM,1.7,52,L
2014/03/15,Sat,03:22 AM,12.0,366,H
2014/03/15,Sat,12:11 PM,0.9,27,L
2014/03/15,Sat,04:16 PM,13.5,411,H
2014/03/16,Sun,12:55 AM,1.5,46,L
2014/03/16,Sun,04:15 AM,12.1,369,H
2014/03/16,Sun,12:53 PM,1.1,34,L
2014/03/16,Sun,04:46 PM,13.3,405,H
2014/03/17,Mon,01:32 AM,1.4,43,L
2014/03/17,Mon,05:09 AM,12.3,375,H
2014/03/17,Mon,01:35 PM,1.2,37,L
2014/03/17,Mon,05:15 PM,13.1,399,H
2014/03/18,Tue,02:08 AM,1.1,34,L
2014/03/18,Tue,06:03 AM,12.8,390,H
2014/03/18,Tue,02:20 PM,1.4,43,L
2014/03/18,Tue,05:44 PM,13.1,399,H
2014/03/19,Wed,02:45 AM,0.9,27,L
2014/03/19,Wed,06:56 AM,13.3,405,H
2014/03/19,Wed,03:07 PM,1.6,49,L
2014/03/19,Wed,06:15 PM,13.1,399,H
2014/03/20,Thu,03:24 AM,0.6,18,L
2014/03/20,Thu,07:49 AM,13.9,424,H
2014/03/20,Thu,03:56 PM,1.7,52,L
2014/03/20,Thu,06:49 PM,13.2,402,H
2014/03/21,Fri,04:06 AM,0.3,9,L
2014/03/21,Fri,08:42 AM,14.5,442,H
2014/03/21,Fri,04:47 PM,1.8,55,L
2014/03/21,Fri,07:29 PM,13.3,405,H
2014/03/22,Sat,04:53 AM,0.1,3,L
2014/03/22,Sat,09:33 AM,15.0,457,H
2014/03/22,Sat,05:39 PM,1.9,58,L
2014/03/22,Sat,08:15 PM,13.5,411,H
2014/03/23,Sun,05:42 AM,-0.1,-3,L
2014/03/23,Sun,10:24 AM,15.3,466,H
2014/03/23,Sun,06:31 PM,1.9,58,L
2014/03/23,Sun,09:07 PM,13.8,421,H
2014/03/24,Mon,06:34 AM,-0.2,-6,L
2014/03/24,Mon,11:15 AM,15.6,475,H
2014/03/24,Mon,07:25 PM,1.8,55,L
2014/03/24,Mon,10:05 PM,14.0,427,H
2014/03/25,Tue,07:29 AM,-0.2,-6,L
2014/03/25,Tue,12:05 PM,15.7,479,H
2014/03/25,Tue,08:20 PM,1.7,52,L
2014/03/25,Tue,11:07 PM,14.2,433,H
2014/03/26,Wed,08:26 AM,-0.2,-6,L
2014/03/26,Wed,12:53 PM,15.8,482,H
2014/03/26,Wed,09:15 PM,1.5,46,L
2014/03/27,Thu,12:13 AM,14.4,439,H
2014/03/27,Thu,09:24 AM,-0.1,-3,L
2014/03/27,Thu,01:40 PM,15.9,485,H
2014/03/27,Thu,10:10 PM,1.2,37,L
2014/03/28,Fri,01:20 AM,14.6,445,H
2014/03/28,Fri,10:22 AM,0.0,0,L
2014/03/28,Fri,02:26 PM,15.9,485,H
2014/03/28,Fri,11:05 PM,0.9,27,L
2014/03/29,Sat,02:27 AM,14.9,454,H
2014/03/29,Sat,11:19 AM,0.2,6,L
2014/03/29,Sat,03:12 PM,15.7,479,H
2014/03/29,Sat,11:59 PM,0.5,15,L
2014/03/30,Sun,03:36 AM,15.2,463,H
2014/03/30,Sun,12:17 PM,0.5,15,L
2014/03/30,Sun,04:00 PM,15.5,472,H
2014/03/31,Mon,12:52 AM,0.2,6,L
2014/03/31,Mon,04:44 AM,15.5,472,H
2014/03/31,Mon,01:16 PM,0.7,21,L
2014/03/31,Mon,04:49 PM,15.3,466,H
2014/04/01,Tue,01:46 AM,0.0,0,L
2014/04/01,Tue,05:49 AM,16.0,488,H
2014/04/01,Tue,02:14 PM,0.9,27,L
2014/04/01,Tue,05:38 PM,14.9,454,H
2014/04/02,Wed,02:38 AM,-0.1,-3,L
2014/04/02,Wed,06:51 AM,16.3,497,H
2014/04/02,Wed,03:13 PM,1.1,34,L
2014/04/02,Wed,06:29 PM,14.5,442,H
2014/04/03,Thu,03:31 AM,-0.2,-6,L
2014/04/03,Thu,07:50 AM,16.6,506,H
2014/04/03,Thu,04:11 PM,1.2,37,L
2014/04/03,Thu,07:20 PM,14.1,430,H
2014/04/04,Fri,04:23 AM,-0.2,-6,L
2014/04/04,Fri,08:46 AM,16.6,506,H
2014/04/04,Fri,05:09 PM,1.3,40,L
2014/04/04,Fri,08:12 PM,13.6,415,H
2014/04/05,Sat,05:15 AM,-0.2,-6,L
2014/04/05,Sat,09:40 AM,16.5,503,H
2014/04/05,Sat,06:04 PM,1.4,43,L
2014/04/05,Sat,09:05 PM,13.1,399,H
2014/04/06,Sun,06:06 AM,0.0,0,L
2014/04/06,Sun,10:32 AM,16.3,497,H
2014/04/06,Sun,06:59 PM,1.5,46,L
2014/04/06,Sun,09:57 PM,12.7,387,H
2014/04/07,Mon,06:56 AM,0.1,3,L
2014/04/07,Mon,11:21 AM,15.9,485,H
2014/04/07,Mon,07:52 PM,1.5,46,L
2014/04/07,Mon,10:50 PM,12.4,378,H
2014/04/08,Tue,07:46 AM,0.3,9,L
2014/04/08,Tue,12:08 PM,15.4,469,H
2014/04/08,Tue,08:43 PM,1.5,46,L
2014/04/08,Tue,11:44 PM,12.1,369,H
2014/04/09,Wed,08:35 AM,0.5,15,L
2014/04/09,Wed,12:51 PM,14.9,454,H
2014/04/09,Wed,09:32 PM,1.5,46,L
2014/04/10,Thu,12:37 AM,11.9,363,H
2014/04/10,Thu,09:23 AM,0.7,21,L
2014/04/10,Thu,01:30 PM,14.3,436,H
2014/04/10,Thu,10:16 PM,1.4,43,L
2014/04/11,Fri,01:29 AM,11.9,363,H
2014/04/11,Fri,10:08 AM,0.9,27,L
2014/04/11,Fri,02:04 PM,13.8,421,H
2014/04/11,Fri,10:56 PM,1.3,40,L
2014/04/12,Sat,02:21 AM,12.0,366,H
2014/04/12,Sat,10:52 AM,1.2,37,L
2014/04/12,Sat,02:34 PM,13.3,405,H
2014/04/12,Sat,11:33 PM,1.1,34,L
2014/04/13,Sun,03:14 AM,12.3,375,H
2014/04/13,Sun,11:37 AM,1.4,43,L
2014/04/13,Sun,03:02 PM,12.9,393,H
2014/04/14,Mon,12:08 AM,0.9,27,L
2014/04/14,Mon,04:08 AM,12.8,390,H
2014/04/14,Mon,12:23 PM,1.5,46,L
2014/04/14,Mon,03:30 PM,12.6,384,H
2014/04/15,Tue,12:42 AM,0.7,21,L
2014/04/15,Tue,05:01 AM,13.4,408,H
2014/04/15,Tue,01:10 PM,1.7,52,L
2014/04/15,Tue,03:59 PM,12.5,381,H
2014/04/16,Wed,01:18 AM,0.5,15,L
2014/04/16,Wed,05:52 AM,14.1,430,H
2014/04/16,Wed,01:59 PM,1.8,55,L
2014/04/16,Wed,04:33 PM,12.5,381,H
2014/04/17,Thu,01:57 AM,0.2,6,L
2014/04/17,Thu,06:42 AM,14.8,451,H
2014/04/17,Thu,02:49 PM,1.9,58,L
2014/04/17,Thu,05:14 PM,12.6,384,H
2014/04/18,Fri,02:41 AM,0.0,0,L
2014/04/18,Fri,07:31 AM,15.5,472,H
2014/04/18,Fri,03:41 PM,1.9,58,L
2014/04/18,Fri,06:01 PM,12.7,387,H
2014/04/19,Sat,03:29 AM,-0.2,-6,L
2014/04/19,Sat,08:21 AM,16.0,488,H
2014/04/19,Sat,04:34 PM,1.9,58,L
2014/04/19,Sat,06:55 PM,12.8,390,H
2014/04/20,Sun,04:21 AM,-0.3,-9,L
2014/04/20,Sun,09:10 AM,16.4,500,H
2014/04/20,Sun,05:28 PM,1.8,55,L
2014/04/20,Sun,07:55 PM,13.0,396,H
2014/04/21,Mon,05:15 AM,-0.3,-9,L
2014/04/21,Mon,09:59 AM,16.6,506,H
2014/04/21,Mon,06:22 PM,1.6,49,L
2014/04/21,Mon,09:00 PM,13.1,399,H
2014/04/22,Tue,06:11 AM,-0.3,-9,L
2014/04/22,Tue,10:47 AM,16.7,509,H
2014/04/22,Tue,07:16 PM,1.4,43,L
2014/04/22,Tue,10:08 PM,13.3,405,H
2014/04/23,Wed,07:09 AM,-0.1,-3,L
2014/04/23,Wed,11:35 AM,16.6,506,H
2014/04/23,Wed,08:11 PM,1.1,34,L
2014/04/23,Wed,11:18 PM,13.5,411,H
2014/04/24,Thu,08:09 AM,0.1,3,L
2014/04/24,Thu,12:21 PM,16.5,503,H
2014/04/24,Thu,09:06 PM,0.8,24,L
2014/04/25,Fri,12:28 AM,13.8,421,H
2014/04/25,Fri,09:09 AM,0.3,9,L
2014/04/25,Fri,01:07 PM,16.2,494,H
2014/04/25,Fri,10:00 PM,0.4,12,L
2014/04/26,Sat,01:37 AM,14.3,436,H
2014/04/26,Sat,10:09 AM,0.6,18,L
2014/04/26,Sat,01:51 PM,15.8,482,H
2014/04/26,Sat,10:52 PM,0.1,3,L
2014/04/27,Sun,02:44 AM,14.8,451,H
2014/04/27,Sun,11:08 AM,0.9,27,L
2014/04/27,Sun,02:36 PM,15.3,466,H
2014/04/27,Sun,11:43 PM,-0.1,-3,L
2014/04/28,Mon,03:49 AM,15.4,469,H
2014/04/28,Mon,12:07 PM,1.1,34,L
2014/04/28,Mon,03:22 PM,14.7,448,H
2014/04/29,Tue,12:33 AM,-0.3,-9,L
2014/04/29,Tue,04:51 AM,15.9,485,H
2014/04/29,Tue,01:06 PM,1.3,40,L
2014/04/29,Tue,04:10 PM,14.1,430,H
2014/04/30,Wed,01:23 AM,-0.4,-12,L
2014/04/30,Wed,05:50 AM,16.4,500,H
2014/04/30,Wed,02:04 PM,1.5,46,L
2014/04/30,Wed,05:00 PM,13.5,411,H
2014/05/01,Thu,02:11 AM,-0.4,-12,L
2014/05/01,Thu,06:44 AM,16.7,509,H
2014/05/01,Thu,03:01 PM,1.6,49,L
2014/05/01,Thu,05:50 PM,12.9,393,H
2014/05/02,Fri,03:00 AM,-0.3,-9,L
2014/05/02,Fri,07:35 AM,16.9,515,H
2014/05/02,Fri,03:58 PM,1.6,49,L
2014/05/02,Fri,06:42 PM,12.4,378,H
2014/05/03,Sat,03:48 AM,-0.2,-6,L
2014/05/03,Sat,08:24 AM,16.9,515,H
2014/05/03,Sat,04:52 PM,1.6,49,L
2014/05/03,Sat,07:34 PM,12.0,366,H
2014/05/04,Sun,04:36 AM,-0.1,-3,L
2014/05/04,Sun,09:11 AM,16.7,509,H
2014/05/04,Sun,05:45 PM,1.5,46,L
2014/05/04,Sun,08:28 PM,11.6,354,H
2014/05/05,Mon,05:24 AM,0.1,3,L
2014/05/05,Mon,09:55 AM,16.4,500,H
2014/05/05,Mon,06:36 PM,1.5,46,L
2014/05/05,Mon,09:23 PM,11.4,347,H
2014/05/06,Tue,06:11 AM,0.3,9,L
2014/05/06,Tue,10:37 AM,16.0,488,H
2014/05/06,Tue,07:25 PM,1.4,43,L
2014/05/06,Tue,10:19 PM,11.2,341,H
2014/05/07,Wed,06:58 AM,0.6,18,L
2014/05/07,Wed,11:17 AM,15.5,472,H
2014/05/07,Wed,08:12 PM,1.3,40,L
2014/05/07,Wed,11:16 PM,11.1,338,H
2014/05/08,Thu,07:45 AM,0.8,24,L
2014/05/08,Thu,11:54 AM,14.9,454,H
2014/05/08,Thu,08:56 PM,1.2,37,L
2014/05/09,Fri,12:14 AM,11.3,344,H
2014/05/09,Fri,08:33 AM,1.1,34,L
2014/05/09,Fri,12:28 PM,14.3,436,H
2014/05/09,Fri,09:37 PM,1.0,30,L
2014/05/10,Sat,01:11 AM,11.6,354,H
2014/05/10,Sat,09:22 AM,1.4,43,L
2014/05/10,Sat,12:57 PM,13.8,421,H
2014/05/10,Sat,10:13 PM,0.8,24,L
2014/05/11,Sun,02:06 AM,12.1,369,H
2014/05/11,Sun,10:10 AM,1.6,49,L
2014/05/11,Sun,01:23 PM,13.4,408,H
2014/05/11,Sun,10:48 PM,0.6,18,L
2014/05/12,Mon,03:00 AM,12.7,387,H
2014/05/12,Mon,10:59 AM,1.8,55,L
2014/05/12,Mon,01:47 PM,13.1,399,H
2014/05/12,Mon,11:21 PM,0.3,9,L
2014/05/13,Tue,03:53 AM,13.5,411,H
2014/05/13,Tue,11:49 AM,2.0,61,L
2014/05/13,Tue,02:13 PM,12.9,393,H
2014/05/13,Tue,11:57 PM,0.1,3,L
2014/05/14,Wed,04:45 AM,14.3,436,H
2014/05/14,Wed,12:41 PM,2.1,64,L
2014/05/14,Wed,02:48 PM,12.9,393,H
2014/05/15,Thu,12:37 AM,-0.2,-6,L
2014/05/15,Thu,05:34 AM,15.2,463,H
2014/05/15,Thu,01:33 PM,2.1,64,L
2014/05/15,Thu,03:32 PM,12.9,393,H
2014/05/16,Fri,01:21 AM,-0.4,-12,L
2014/05/16,Fri,06:22 AM,16.0,488,H
2014/05/16,Fri,02:27 PM,2.1,64,L
2014/05/16,Fri,04:27 PM,12.9,393,H
2014/05/17,Sat,02:10 AM,-0.5,-15,L
2014/05/17,Sat,07:10 AM,16.7,509,H
2014/05/17,Sat,03:21 PM,2.0,61,L
2014/05/17,Sat,05:29 PM,12.9,393,H
2014/05/18,Sun,03:02 AM,-0.6,-18,L
2014/05/18,Sun,07:57 AM,17.2,524,H
2014/05/18,Sun,04:17 PM,1.8,55,L
2014/05/18,Sun,06:36 PM,12.9,393,H
2014/05/19,Mon,03:57 AM,-0.6,-18,L
2014/05/19,Mon,08:45 AM,17.6,536,H
2014/05/19,Mon,05:12 PM,1.5,46,L
2014/05/19,Mon,07:48 PM,12.9,393,H
2014/05/20,Tue,04:54 AM,-0.5,-15,L
2014/05/20,Tue,09:32 AM,17.7,539,H
2014/05/20,Tue,06:08 PM,1.2,37,L
2014/05/20,Tue,09:01 PM,12.9,393,H
2014/05/21,Wed,05:52 AM,-0.2,-6,L
2014/05/21,Wed,10:18 AM,17.7,539,H
2014/05/21,Wed,07:03 PM,0.8,24,L
2014/05/21,Wed,10:15 PM,13.1,399,H
2014/05/22,Thu,06:52 AM,0.1,3,L
2014/05/22,Thu,11:05 AM,17.5,533,H
2014/05/22,Thu,07:59 PM,0.5,15,L
2014/05/22,Thu,11:28 PM,13.5,411,H
2014/05/23,Fri,07:53 AM,0.5,15,L
2014/05/23,Fri,11:51 AM,17.1,521,H
2014/05/23,Fri,08:53 PM,0.1,3,L
2014/05/24,Sat,12:39 AM,14.0,427,H
2014/05/24,Sat,08:55 AM,0.8,24,L
2014/05/24,Sat,12:36 PM,16.5,503,H
2014/05/24,Sat,09:46 PM,-0.2,-6,L
2014/05/25,Sun,01:47 AM,14.6,445,H
2014/05/25,Sun,09:57 AM,1.2,37,L
2014/05/25,Sun,01:21 PM,15.8,482,H
2014/05/25,Sun,10:37 PM,-0.4,-12,L
2014/05/26,Mon,02:52 AM,15.2,463,H
2014/05/26,Mon,10:58 AM,1.4,43,L
2014/05/26,Mon,02:05 PM,14.9,454,H
2014/05/26,Mon,11:26 PM,-0.5,-15,L
2014/05/27,Tue,03:54 AM,15.7,479,H
2014/05/27,Tue,11:57 AM,1.7,52,L
2014/05/27,Tue,02:50 PM,14.1,430,H
2014/05/28,Wed,12:14 AM,-0.5,-15,L
2014/05/28,Wed,04:52 AM,16.2,494,H
2014/05/28,Wed,12:56 PM,1.8,55,L
2014/05/28,Wed,03:36 PM,13.2,402,H
2014/05/29,Thu,01:01 AM,-0.5,-15,L
2014/05/29,Thu,05:45 AM,16.5,503,H
2014/05/29,Thu,01:53 PM,1.9,58,L
2014/05/29,Thu,04:24 PM,12.5,381,H
2014/05/30,Fri,01:47 AM,-0.4,-12,L
2014/05/30,Fri,06:33 AM,16.7,509,H
2014/05/30,Fri,02:48 PM,1.9,58,L
2014/05/30,Fri,05:14 PM,11.9,363,H
2014/05/31,Sat,02:31 AM,-0.3,-9,L
2014/05/31,Sat,07:18 AM,16.8,512,H
2014/05/31,Sat,03:41 PM,1.9,58,L
2014/05/31,Sat,06:05 PM,11.4,347,H
2014/06/01,Sun,03:15 AM,-0.1,-3,L
2014/06/01,Sun,08:00 AM,16.7,509,H
2014/06/01,Sun,04:33 PM,1.8,55,L
2014/06/01,Sun,06:58 PM,11.0,335,H
2014/06/02,Mon,03:59 AM,0.1,3,L
2014/06/02,Mon,08:40 AM,16.6,506,H
2014/06/02,Mon,05:22 PM,1.7,52,L
2014/06/02,Mon,07:53 PM,10.8,329,H
2014/06/03,Tue,04:43 AM,0.3,9,L
2014/06/03,Tue,09:17 AM,16.3,497,H
2014/06/03,Tue,06:08 PM,1.5,46,L
2014/06/03,Tue,08:51 PM,10.6,323,H
2014/06/04,Wed,05:27 AM,0.5,15,L
2014/06/04,Wed,09:53 AM,16.0,488,H
2014/06/04,Wed,06:52 PM,1.3,40,L
2014/06/04,Wed,09:49 PM,10.6,323,H
2014/06/05,Thu,06:11 AM,0.8,24,L
2014/06/05,Thu,10:27 AM,15.5,472,H
2014/06/05,Thu,07:35 PM,1.1,34,L
2014/06/05,Thu,10:49 PM,10.7,326,H
2014/06/06,Fri,06:56 AM,1.1,34,L
2014/06/06,Fri,10:58 AM,15.0,457,H
2014/06/06,Fri,08:15 PM,0.9,27,L
2014/06/06,Fri,11:50 PM,11.1,338,H
2014/06/07,Sat,07:43 AM,1.4,43,L
2014/06/07,Sat,11:27 AM,14.5,442,H
2014/06/07,Sat,08:53 PM,0.7,21,L
2014/06/08,Sun,12:48 AM,11.7,357,H
2014/06/08,Sun,08:33 AM,1.7,52,L
2014/06/08,Sun,11:52 AM,14.1,430,H
2014/06/08,Sun,09:28 PM,0.5,15,L
2014/06/09,Mon,01:44 AM,12.4,378,H
2014/06/09,Mon,09:25 AM,2.0,61,L
2014/06/09,Mon,12:17 PM,13.9,424,H
2014/06/09,Mon,10:03 PM,0.2,6,L
2014/06/10,Tue,02:37 AM,13.2,402,H
2014/06/10,Tue,10:18 AM,2.2,67,L
2014/06/10,Tue,12:44 PM,13.8,421,H
2014/06/10,Tue,10:39 PM,-0.1,-3,L
2014/06/11,Wed,03:29 AM,14.1,430,H
2014/06/11,Wed,11:11 AM,2.3,70,L
2014/06/11,Wed,01:19 PM,13.8,421,H
2014/06/11,Wed,11:19 PM,-0.4,-12,L
2014/06/12,Thu,04:20 AM,15.0,457,H
2014/06/12,Thu,12:07 PM,2.4,73,L
2014/06/12,Thu,02:03 PM,13.8,421,H
2014/06/13,Fri,12:04 AM,-0.6,-18,L
2014/06/13,Fri,05:09 AM,15.8,482,H
2014/06/13,Fri,01:03 PM,2.3,70,L
2014/06/13,Fri,02:57 PM,13.7,418,H
2014/06/14,Sat,12:54 AM,-0.8,-24,L
2014/06/14,Sat,05:56 AM,16.6,506,H
2014/06/14,Sat,01:59 PM,2.2,67,L
2014/06/14,Sat,04:01 PM,13.6,415,H
2014/06/15,Sun,01:47 AM,-0.8,-24,L
2014/06/15,Sun,06:43 AM,17.3,527,H
2014/06/15,Sun,02:56 PM,1.9,58,L
2014/06/15,Sun,05:14 PM,13.4,408,H
2014/06/16,Mon,02:42 AM,-0.8,-24,L
2014/06/16,Mon,07:29 AM,17.9,546,H
2014/06/16,Mon,03:54 PM,1.6,49,L
2014/06/16,Mon,06:29 PM,13.3,405,H
2014/06/17,Tue,03:39 AM,-0.6,-18,L
2014/06/17,Tue,08:16 AM,18.2,555,H
2014/06/17,Tue,04:52 PM,1.2,37,L
2014/06/17,Tue,07:46 PM,13.3,405,H
2014/06/18,Wed,04:37 AM,-0.4,-12,L
2014/06/18,Wed,09:03 AM,18.4,561,H
2014/06/18,Wed,05:49 PM,0.7,21,L
2014/06/18,Wed,09:02 PM,13.4,408,H
2014/06/19,Thu,05:37 AM,0.0,0,L
2014/06/19,Thu,09:49 AM,18.3,558,H
2014/06/19,Thu,06:45 PM,0.3,9,L
2014/06/19,Thu,10:16 PM,13.7,418,H
2014/06/20,Fri,06:37 AM,0.4,12,L
2014/06/20,Fri,10:36 AM,17.9,546,H
2014/06/20,Fri,07:40 PM,0.0,0,L
2014/06/20,Fri,11:29 PM,14.1,430,H
2014/06/21,Sat,07:39 AM,0.8,24,L
2014/06/21,Sat,11:23 AM,17.3,527,H
2014/06/21,Sat,08:35 PM,-0.3,-9,L
2014/06/22,Sun,12:39 AM,14.6,445,H
2014/06/22,Sun,08:41 AM,1.2,37,L
2014/06/22,Sun,12:10 PM,16.5,503,H
2014/06/22,Sun,09:28 PM,-0.5,-15,L
2014/06/23,Mon,01:46 AM,15.2,463,H
2014/06/23,Mon,09:44 AM,1.5,46,L
2014/06/23,Mon,12:56 PM,15.6,475,H
2014/06/23,Mon,10:19 PM,-0.6,-18,L
2014/06/24,Tue,02:48 AM,15.6,475,H
2014/06/24,Tue,10:45 AM,1.8,55,L
2014/06/24,Tue,01:41 PM,14.6,445,H
2014/06/24,Tue,11:08 PM,-0.6,-18,L
2014/06/25,Wed,03:48 AM,16.0,488,H
2014/06/25,Wed,11:44 AM,1.9,58,L
2014/06/25,Wed,02:25 PM,13.6,415,H
2014/06/25,Wed,11:55 PM,-0.5,-15,L
2014/06/26,Thu,04:43 AM,16.2,494,H
2014/06/26,Thu,12:42 PM,2.0,61,L
2014/06/26,Thu,03:10 PM,12.8,390,H
2014/06/27,Fri,12:40 AM,-0.4,-12,L
2014/06/27,Fri,05:32 AM,16.3,497,H
2014/06/27,Fri,01:37 PM,2.1,64,L
2014/06/27,Fri,03:56 PM,12.0,366,H
2014/06/28,Sat,01:23 AM,-0.2,-6,L
2014/06/28,Sat,06:16 AM,16.3,497,H
2014/06/28,Sat,02:29 PM,2.1,64,L
2014/06/28,Sat,04:45 PM,11.4,347,H
2014/06/29,Sun,02:05 AM,-0.1,-3,L
2014/06/29,Sun,06:56 AM,16.2,494,H
2014/06/29,Sun,03:19 PM,2.0,61,L
2014/06/29,Sun,05:36 PM,11.0,335,H
2014/06/30,Mon,02:45 AM,0.1,3,L
2014/06/30,Mon,07:32 AM,16.1,491,H
2014/06/30,Mon,04:06 PM,1.9,58,L
2014/06/30,Mon,06:30 PM,10.8,329,H
2014/07/01,Tue,03:26 AM,0.3,9,L
2014/07/01,Tue,08:05 AM,16.0,488,H
2014/07/01,Tue,04:51 PM,1.7,52,L
2014/07/01,Tue,07:26 PM,10.6,323,H
2014/07/02,Wed,04:07 AM,0.5,15,L
2014/07/02,Wed,08:37 AM,15.8,482,H
2014/07/02,Wed,05:34 PM,1.5,46,L
2014/07/02,Wed,08:25 PM,10.6,323,H
2014/07/03,Thu,04:49 AM,0.8,24,L
2014/07/03,Thu,09:08 AM,15.6,475,H
2014/07/03,Thu,06:13 PM,1.2,37,L
2014/07/03,Thu,09:24 PM,10.8,329,H
2014/07/04,Fri,05:32 AM,1.1,34,L
2014/07/04,Fri,09:37 AM,15.2,463,H
2014/07/04,Fri,06:52 PM,1.0,30,L
2014/07/04,Fri,10:23 PM,11.1,338,H
2014/07/05,Sat,06:16 AM,1.4,43,L
2014/07/05,Sat,10:05 AM,14.9,454,H
2014/07/05,Sat,07:28 PM,0.8,24,L
2014/07/05,Sat,11:22 PM,11.6,354,H
2014/07/06,Sun,07:02 AM,1.7,52,L
2014/07/06,Sun,10:31 AM,14.6,445,H
2014/07/06,Sun,08:05 PM,0.5,15,L
2014/07/07,Mon,12:20 AM,12.2,372,H
2014/07/07,Mon,07:52 AM,2.0,61,L
2014/07/07,Mon,10:56 AM,14.4,439,H
2014/07/07,Mon,08:41 PM,0.2,6,L
2014/07/08,Tue,01:15 AM,13.0,396,H
2014/07/08,Tue,08:45 AM,2.2,67,L
2014/07/08,Tue,11:25 AM,14.4,439,H
2014/07/08,Tue,09:20 PM,-0.1,-3,L
2014/07/09,Wed,02:06 AM,13.7,418,H
2014/07/09,Wed,09:40 AM,2.3,70,L
2014/07/09,Wed,12:02 PM,14.5,442,H
2014/07/09,Wed,10:02 PM,-0.4,-12,L
2014/07/10,Thu,02:57 AM,14.5,442,H
2014/07/10,Thu,10:36 AM,2.4,73,L
2014/07/10,Thu,12:47 PM,14.7,448,H
2014/07/10,Thu,10:49 PM,-0.6,-18,L
2014/07/11,Fri,03:46 AM,15.2,463,H
2014/07/11,Fri,11:32 AM,2.4,73,L
2014/07/11,Fri,01:40 PM,14.7,448,H
2014/07/11,Fri,11:39 PM,-0.7,-21,L
2014/07/12,Sat,04:35 AM,16.0,488,H
2014/07/12,Sat,12:31 PM,2.2,67,L
2014/07/12,Sat,02:41 PM,14.6,445,H
2014/07/13,Sun,12:32 AM,-0.8,-24,L
2014/07/13,Sun,05:23 AM,16.7,509,H
2014/07/13,Sun,01:30 PM,2.0,61,L
2014/07/13,Sun,03:53 PM,14.4,439,H
2014/07/14,Mon,01:28 AM,-0.8,-24,L
2014/07/14,Mon,06:10 AM,17.3,527,H
2014/07/14,Mon,02:29 PM,1.6,49,L
2014/07/14,Mon,05:11 PM,14.2,433,H
2014/07/15,Tue,02:25 AM,-0.6,-18,L
2014/07/15,Tue,06:57 AM,17.8,543,H
2014/07/15,Tue,03:28 PM,1.2,37,L
2014/07/15,Tue,06:28 PM,14.2,433,H
2014/07/16,Wed,03:23 AM,-0.4,-12,L
2014/07/16,Wed,07:44 AM,18.2,555,H
2014/07/16,Wed,04:27 PM,0.7,21,L
2014/07/16,Wed,07:44 PM,14.3,436,H
2014/07/17,Thu,04:23 AM,-0.1,-3,L
2014/07/17,Thu,08:32 AM,18.3,558,H
2014/07/17,Thu,05:24 PM,0.3,9,L
2014/07/17,Thu,08:59 PM,14.5,442,H
2014/07/18,Fri,05:23 AM,0.3,9,L
2014/07/18,Fri,09:20 AM,18.1,552,H
2014/07/18,Fri,06:21 PM,-0.1,-3,L
2014/07/18,Fri,10:10 PM,14.8,451,H
2014/07/19,Sat,06:24 AM,0.7,21,L
2014/07/19,Sat,10:08 AM,17.7,539,H
2014/07/19,Sat,07:17 PM,-0.3,-9,L
2014/07/19,Sat,11:20 PM,15.2,463,H
2014/07/20,Sun,07:25 AM,1.1,34,L
2014/07/20,Sun,10:57 AM,17.0,518,H
2014/07/20,Sun,08:12 PM,-0.5,-15,L
2014/07/21,Mon,12:27 AM,15.5,472,H
2014/07/21,Mon,08:27 AM,1.4,43,L
2014/07/21,Mon,11:46 AM,16.1,491,H
2014/07/21,Mon,09:06 PM,-0.6,-18,L
2014/07/22,Tue,01:30 AM,15.8,482,H
2014/07/22,Tue,09:29 AM,1.7,52,L
2014/07/22,Tue,12:35 PM,15.2,463,H
2014/07/22,Tue,09:58 PM,-0.5,-15,L
2014/07/23,Wed,02:31 AM,15.9,485,H
2014/07/23,Wed,10:29 AM,1.9,58,L
2014/07/23,Wed,01:22 PM,14.3,436,H
2014/07/23,Wed,10:47 PM,-0.4,-12,L
2014/07/24,Thu,03:28 AM,15.9,485,H
2014/07/24,Thu,11:26 AM,2.0,61,L
2014/07/24,Thu,02:07 PM,13.4,408,H
2014/07/24,Thu,11:33 PM,-0.3,-9,L
2014/07/25,Fri,04:20 AM,15.8,482,H
2014/07/25,Fri,12:21 PM,2.1,64,L
2014/07/25,Fri,02:52 PM,12.6,384,H
2014/07/26,Sat,12:17 AM,-0.1,-3,L
2014/07/26,Sat,05:07 AM,15.6,475,H
2014/07/26,Sat,01:13 PM,2.1,64,L
2014/07/26,Sat,03:39 PM,12.0,366,H
2014/07/27,Sun,12:59 AM,0.1,3,L
2014/07/27,Sun,05:47 AM,15.4,469,H
2014/07/27,Sun,02:01 PM,2.1,64,L
2014/07/27,Sun,04:28 PM,11.5,351,H
2014/07/28,Mon,01:39 AM,0.3,9,L
2014/07/28,Mon,06:22 AM,15.3,466,H
2014/07/28,Mon,02:47 PM,2.0,61,L
2014/07/28,Mon,05:20 PM,11.2,341,H
2014/07/29,Tue,02:19 AM,0.5,15,L
2014/07/29,Tue,06:53 AM,15.1,460,H
2014/07/29,Tue,03:30 PM,1.8,55,L
2014/07/29,Tue,06:14 PM,11.1,338,H
2014/07/30,Wed,02:58 AM,0.7,21,L
2014/07/30,Wed,07:23 AM,15.0,457,H
2014/07/30,Wed,04:11 PM,1.6,49,L
2014/07/30,Wed,07:10 PM,11.2,341,H
2014/07/31,Thu,03:39 AM,0.9,27,L
2014/07/31,Thu,07:52 AM,14.9,454,H
2014/07/31,Thu,04:50 PM,1.4,43,L
2014/07/31,Thu,08:07 PM,11.4,347,H
2014/08/01,Fri,04:22 AM,1.1,34,L
2014/08/01,Fri,08:21 AM,14.7,448,H
2014/08/01,Fri,05:27 PM,1.1,34,L
2014/08/01,Fri,09:04 PM,11.8,360,H
2014/08/02,Sat,05:06 AM,1.4,43,L
2014/08/02,Sat,08:49 AM,14.5,442,H
2014/08/02,Sat,06:03 PM,0.9,27,L
2014/08/02,Sat,09:59 PM,12.2,372,H
2014/08/03,Sun,05:51 AM,1.6,49,L
2014/08/03,Sun,09:16 AM,14.3,436,H
2014/08/03,Sun,06:39 PM,0.6,18,L
2014/08/03,Sun,10:54 PM,12.7,387,H
2014/08/04,Mon,06:38 AM,1.9,58,L
2014/08/04,Mon,09:43 AM,14.3,436,H
2014/08/04,Mon,07:17 PM,0.3,9,L
2014/08/04,Mon,11:48 PM,13.3,405,H
2014/08/05,Tue,07:26 AM,2.1,64,L
2014/08/05,Tue,10:14 AM,14.4,439,H
2014/08/05,Tue,07:58 PM,0.1,3,L
2014/08/06,Wed,12:40 AM,13.8,421,H
2014/08/06,Wed,08:18 AM,2.2,67,L
2014/08/06,Wed,10:52 AM,14.6,445,H
2014/08/06,Wed,08:43 PM,-0.2,-6,L
2014/08/07,Thu,01:30 AM,14.3,436,H
2014/08/07,Thu,09:12 AM,2.3,70,L
2014/08/07,Thu,11:39 AM,14.9,454,H
2014/08/07,Thu,09:32 PM,-0.4,-12,L
2014/08/08,Fri,02:18 AM,14.9,454,H
2014/08/08,Fri,10:08 AM,2.2,67,L
2014/08/08,Fri,12:33 PM,15.1,460,H
2014/08/08,Fri,10:23 PM,-0.5,-15,L
2014/08/09,Sat,03:06 AM,15.4,469,H
2014/08/09,Sat,11:04 AM,2.1,64,L
2014/08/09,Sat,01:33 PM,15.1,460,H
2014/08/09,Sat,11:17 PM,-0.6,-18,L
2014/08/10,Sun,03:55 AM,15.9,485,H
2014/08/10,Sun,12:03 PM,1.8,55,L
2014/08/10,Sun,02:41 PM,15.1,460,H
2014/08/11,Mon,12:14 AM,-0.5,-15,L
2014/08/11,Mon,04:43 AM,16.4,500,H
2014/08/11,Mon,01:02 PM,1.5,46,L
2014/08/11,Mon,03:57 PM,15.0,457,H
2014/08/12,Tue,01:11 AM,-0.4,-12,L
2014/08/12,Tue,05:32 AM,16.9,515,H
2014/08/12,Tue,02:01 PM,1.1,34,L
2014/08/12,Tue,05:14 PM,15.1,460,H
2014/08/13,Wed,02:10 AM,-0.2,-6,L
2014/08/13,Wed,06:20 AM,17.3,527,H
2014/08/13,Wed,03:00 PM,0.7,21,L
2014/08/13,Wed,06:29 PM,15.3,466,H
2014/08/14,Thu,03:10 AM,0.1,3,L
2014/08/14,Thu,07:09 AM,17.5,533,H
2014/08/14,Thu,03:59 PM,0.3,9,L
2014/08/14,Thu,07:41 PM,15.6,475,H
2014/08/15,Fri,04:10 AM,0.4,12,L
2014/08/15,Fri,07:59 AM,17.5,533,H
2014/08/15,Fri,04:56 PM,-0.1,-3,L
2014/08/15,Fri,08:51 PM,15.9,485,H
2014/08/16,Sat,05:11 AM,0.7,21,L
2014/08/16,Sat,08:50 AM,17.2,524,H
2014/08/16,Sat,05:53 PM,-0.3,-9,L
2014/08/16,Sat,09:57 PM,16.2,494,H
2014/08/17,Sun,06:11 AM,1.0,30,L
2014/08/17,Sun,09:41 AM,16.7,509,H
2014/08/17,Sun,06:49 PM,-0.4,-12,L
2014/08/17,Sun,11:01 PM,16.3,497,H
2014/08/18,Mon,07:11 AM,1.2,37,L
2014/08/18,Mon,10:33 AM,16.1,491,H
2014/08/18,Mon,07:44 PM,-0.4,-12,L
2014/08/19,Tue,12:04 AM,16.3,497,H
2014/08/19,Tue,08:12 AM,1.5,46,L
2014/08/19,Tue,11:25 AM,15.4,469,H
2014/08/19,Tue,08:38 PM,-0.4,-12,L
2014/08/20,Wed,01:03 AM,16.2,494,H
2014/08/20,Wed,09:11 AM,1.6,49,L
2014/08/20,Wed,12:16 PM,14.6,445,H
2014/08/20,Wed,09:30 PM,-0.2,-6,L
2014/08/21,Thu,01:59 AM,15.9,485,H
2014/08/21,Thu,10:08 AM,1.8,55,L
2014/08/21,Thu,01:06 PM,13.8,421,H
2014/08/21,Thu,10:20 PM,-0.1,-3,L
2014/08/22,Fri,02:52 AM,15.5,472,H
2014/08/22,Fri,11:02 AM,1.9,58,L
2014/08/22,Fri,01:53 PM,13.2,402,H
2014/08/22,Fri,11:06 PM,0.1,3,L
2014/08/23,Sat,03:40 AM,15.1,460,H
2014/08/23,Sat,11:53 AM,1.9,58,L
2014/08/23,Sat,02:41 PM,12.6,384,H
2014/08/23,Sat,11:50 PM,0.3,9,L
2014/08/24,Sun,04:23 AM,14.7,448,H
2014/08/24,Sun,12:40 PM,1.9,58,L
2014/08/24,Sun,03:30 PM,12.2,372,H
2014/08/25,Mon,12:32 AM,0.6,18,L
2014/08/25,Mon,05:00 AM,14.4,439,H
2014/08/25,Mon,01:24 PM,1.8,55,L
2014/08/25,Mon,04:21 PM,11.9,363,H
2014/08/26,Tue,01:13 AM,0.8,24,L
2014/08/26,Tue,05:32 AM,14.1,430,H
2014/08/26,Tue,02:05 PM,1.7,52,L
2014/08/26,Tue,05:14 PM,11.9,363,H
2014/08/27,Wed,01:54 AM,1.0,30,L
2014/08/27,Wed,06:02 AM,13.9,424,H
2014/08/27,Wed,02:44 PM,1.5,46,L
2014/08/27,Wed,06:07 PM,12.1,369,H
2014/08/28,Thu,02:36 AM,1.1,34,L
2014/08/28,Thu,06:30 AM,13.7,418,H
2014/08/28,Thu,03:21 PM,1.3,40,L
2014/08/28,Thu,07:00 PM,12.4,378,H
2014/08/29,Fri,03:19 AM,1.3,40,L
2014/08/29,Fri,06:59 AM,13.6,415,H
2014/08/29,Fri,03:58 PM,1.1,34,L
2014/08/29,Fri,07:53 PM,12.9,393,H
2014/08/30,Sat,04:04 AM,1.5,46,L
2014/08/30,Sat,07:28 AM,13.5,411,H
2014/08/30,Sat,04:34 PM,0.9,27,L
2014/08/30,Sat,08:46 PM,13.4,408,H
2014/08/31,Sun,04:51 AM,1.7,52,L
2014/08/31,Sun,07:58 AM,13.5,411,H
2014/08/31,Sun,05:12 PM,0.6,18,L
2014/08/31,Sun,09:37 PM,13.8,421,H
2014/09/01,Mon,05:37 AM,1.8,55,L
2014/09/01,Mon,08:29 AM,13.6,415,H
2014/09/01,Mon,05:52 PM,0.4,12,L
2014/09/01,Mon,10:27 PM,14.3,436,H
2014/09/02,Tue,06:24 AM,2.0,61,L
2014/09/02,Tue,09:05 AM,13.8,421,H
2014/09/02,Tue,06:35 PM,0.2,6,L
2014/09/02,Tue,11:16 PM,14.6,445,H
2014/09/03,Wed,07:12 AM,2.1,64,L
2014/09/03,Wed,09:47 AM,14.1,430,H
2014/09/03,Wed,07:22 PM,0.0,0,L
2014/09/04,Thu,12:05 AM,14.9,454,H
2014/09/04,Thu,08:03 AM,2.1,64,L
2014/09/04,Thu,10:36 AM,14.4,439,H
2014/09/04,Thu,08:13 PM,-0.1,-3,L
2014/09/05,Fri,12:52 AM,15.2,463,H
2014/09/05,Fri,08:56 AM,2.0,61,L
2014/09/05,Fri,11:32 AM,14.7,448,H
2014/09/05,Fri,09:07 PM,-0.2,-6,L
2014/09/06,Sat,01:38 AM,15.4,469,H
2014/09/06,Sat,09:50 AM,1.8,55,L
2014/09/06,Sat,12:35 PM,14.9,454,H
2014/09/06,Sat,10:02 PM,-0.2,-6,L
2014/09/07,Sun,02:24 AM,15.6,475,H
2014/09/07,Sun,10:45 AM,1.6,49,L
2014/09/07,Sun,01:41 PM,15.1,460,H
2014/09/07,Sun,10:59 PM,-0.1,-3,L
2014/09/08,Mon,03:11 AM,15.9,485,H
2014/09/08,Mon,11:41 AM,1.2,37,L
2014/09/08,Mon,02:52 PM,15.3,466,H
2014/09/08,Mon,11:57 PM,0.1,3,L
2014/09/09,Tue,04:00 AM,16.1,491,H
2014/09/09,Tue,12:38 PM,0.9,27,L
2014/09/09,Tue,04:06 PM,15.6,475,H
2014/09/10,Wed,12:57 AM,0.3,9,L
2014/09/10,Wed,04:49 AM,16.2,494,H
2014/09/10,Wed,01:36 PM,0.5,15,L
2014/09/10,Wed,05:19 PM,16.0,488,H
2014/09/11,Thu,01:57 AM,0.5,15,L
2014/09/11,Thu,05:40 AM,16.3,497,H
2014/09/11,Thu,02:33 PM,0.2,6,L
2014/09/11,Thu,06:28 PM,16.4,500,H
2014/09/12,Fri,02:58 AM,0.7,21,L
2014/09/12,Fri,06:32 AM,16.3,497,H
2014/09/12,Fri,03:29 PM,-0.1,-3,L
2014/09/12,Fri,07:35 PM,16.9,515,H
2014/09/13,Sat,03:59 AM,0.9,27,L
2014/09/13,Sat,07:25 AM,16.1,491,H
2014/09/13,Sat,04:26 PM,-0.3,-9,L
2014/09/13,Sat,08:38 PM,17.2,524,H
2014/09/14,Sun,04:59 AM,1.1,34,L
2014/09/14,Sun,08:19 AM,15.7,479,H
2014/09/14,Sun,05:22 PM,-0.3,-9,L
2014/09/14,Sun,09:39 PM,17.3,527,H
2014/09/15,Mon,05:59 AM,1.2,37,L
2014/09/15,Mon,09:14 AM,15.3,466,H
2014/09/15,Mon,06:17 PM,-0.3,-9,L
2014/09/15,Mon,10:37 PM,17.2,524,H
2014/09/16,Tue,06:57 AM,1.3,40,L
2014/09/16,Tue,10:08 AM,14.8,451,H
2014/09/16,Tue,07:11 PM,-0.2,-6,L
2014/09/16,Tue,11:33 PM,16.9,515,H
2014/09/17,Wed,07:54 AM,1.4,43,L
2014/09/17,Wed,11:02 AM,14.3,436,H
2014/09/17,Wed,08:04 PM,0.0,0,L
2014/09/18,Thu,12:27 AM,16.5,503,H
2014/09/18,Thu,08:50 AM,1.5,46,L
2014/09/18,Thu,11:56 AM,13.8,421,H
2014/09/18,Thu,08:56 PM,0.2,6,L
2014/09/19,Fri,01:18 AM,15.9,485,H
2014/09/19,Fri,09:43 AM,1.6,49,L
2014/09/19,Fri,12:49 PM,13.3,405,H
2014/09/19,Fri,09:46 PM,0.4,12,L
2014/09/20,Sat,02:04 AM,15.3,466,H
2014/09/20,Sat,10:33 AM,1.6,49,L
2014/09/20,Sat,01:40 PM,12.9,393,H
2014/09/20,Sat,10:33 PM,0.6,18,L
2014/09/21,Sun,02:45 AM,14.7,448,H
2014/09/21,Sun,11:19 AM,1.6,49,L
2014/09/21,Sun,02:30 PM,12.7,387,H
2014/09/21,Sun,11:18 PM,0.9,27,L
2014/09/22,Mon,03:22 AM,14.1,430,H
2014/09/22,Mon,12:01 PM,1.5,46,L
2014/09/22,Mon,03:22 PM,12.5,381,H
2014/09/23,Tue,12:01 AM,1.1,34,L
2014/09/23,Tue,03:54 AM,13.6,415,H
2014/09/23,Tue,12:41 PM,1.4,43,L
2014/09/23,Tue,04:15 PM,12.6,384,H
2014/09/24,Wed,12:45 AM,1.3,40,L
2014/09/24,Wed,04:25 AM,13.2,402,H
2014/09/24,Wed,01:18 PM,1.3,40,L
2014/09/24,Wed,05:08 PM,12.9,393,H
2014/09/25,Thu,01:29 AM,1.5,46,L
2014/09/25,Thu,04:54 AM,12.9,393,H
2014/09/25,Thu,01:53 PM,1.1,34,L
2014/09/25,Thu,06:00 PM,13.4,408,H
2014/09/26,Fri,02:15 AM,1.7,52,L
2014/09/26,Fri,05:24 AM,12.7,387,H
2014/09/26,Fri,02:28 PM,0.9,27,L
2014/09/26,Fri,06:50 PM,14.0,427,H
2014/09/27,Sat,03:02 AM,1.8,55,L
2014/09/27,Sat,05:55 AM,12.6,384,H
2014/09/27,Sat,03:04 PM,0.7,21,L
2014/09/27,Sat,07:39 PM,14.6,445,H
2014/09/28,Sun,03:50 AM,1.9,58,L
2014/09/28,Sun,06:28 AM,12.6,384,H
2014/09/28,Sun,03:44 PM,0.5,15,L
2014/09/28,Sun,08:27 PM,15.1,460,H
2014/09/29,Mon,04:38 AM,2.0,61,L
2014/09/29,Mon,07:06 AM,12.8,390,H
2014/09/29,Mon,04:26 PM,0.3,9,L
2014/09/29,Mon,09:14 PM,15.6,475,H
2014/09/30,Tue,05:27 AM,2.0,61,L
2014/09/30,Tue,07:50 AM,13.0,396,H
2014/09/30,Tue,05:13 PM,0.2,6,L
2014/09/30,Tue,10:01 PM,15.9,485,H
2014/10/01,Wed,06:15 AM,2.0,61,L
2014/10/01,Wed,08:40 AM,13.2,402,H
2014/10/01,Wed,06:02 PM,0.1,3,L
2014/10/01,Wed,10:47 PM,16.1,491,H
2014/10/02,Thu,07:03 AM,1.9,58,L
2014/10/02,Thu,09:35 AM,13.5,411,H
2014/10/02,Thu,06:53 PM,0.0,0,L
2014/10/02,Thu,11:32 PM,16.2,494,H
2014/10/03,Fri,07:54 AM,1.8,55,L
2014/10/03,Fri,10:36 AM,13.9,424,H
2014/10/03,Fri,07:48 PM,0.1,3,L
2014/10/04,Sat,12:17 AM,16.2,494,H
2014/10/04,Sat,08:45 AM,1.5,46,L
2014/10/04,Sat,11:41 AM,14.2,433,H
2014/10/04,Sat,08:46 PM,0.2,6,L
2014/10/05,Sun,01:00 AM,16.2,494,H
2014/10/05,Sun,09:38 AM,1.2,37,L
2014/10/05,Sun,12:48 PM,14.6,445,H
2014/10/05,Sun,09:44 PM,0.3,9,L
2014/10/06,Mon,01:44 AM,16.2,494,H
2014/10/06,Mon,10:31 AM,0.9,27,L
2014/10/06,Mon,01:56 PM,15.1,460,H
2014/10/06,Mon,10:44 PM,0.6,18,L
2014/10/07,Tue,02:29 AM,16.0,488,H
2014/10/07,Tue,11:24 AM,0.5,15,L
2014/10/07,Tue,03:06 PM,15.6,475,H
2014/10/07,Tue,11:44 PM,0.8,24,L
2014/10/08,Wed,03:16 AM,15.9,485,H
2014/10/08,Wed,12:18 PM,0.2,6,L
2014/10/08,Wed,04:15 PM,16.1,491,H
2014/10/09,Thu,12:45 AM,1.0,30,L
2014/10/09,Thu,04:07 AM,15.6,475,H
2014/10/09,Thu,01:12 PM,-0.1,-3,L
2014/10/09,Thu,05:23 PM,16.8,512,H
2014/10/10,Fri,01:46 AM,1.2,37,L
2014/10/10,Fri,05:00 AM,15.3,466,H
2014/10/10,Fri,02:06 PM,-0.2,-6,L
2014/10/10,Fri,06:26 PM,17.4,530,H
2014/10/11,Sat,02:47 AM,1.3,40,L
2014/10/11,Sat,05:54 AM,14.9,454,H
2014/10/11,Sat,03:01 PM,-0.3,-9,L
2014/10/11,Sat,07:26 PM,17.9,546,H
2014/10/12,Sun,03:48 AM,1.4,43,L
2014/10/12,Sun,06:50 AM,14.5,442,H
2014/10/12,Sun,03:55 PM,-0.3,-9,L
2014/10/12,Sun,08:23 PM,18.1,552,H
2014/10/13,Mon,04:47 AM,1.4,43,L
2014/10/13,Mon,07:48 AM,14.1,430,H
2014/10/13,Mon,04:49 PM,-0.3,-9,L
2014/10/13,Mon,09:17 PM,18.1,552,H
2014/10/14,Tue,05:45 AM,1.4,43,L
2014/10/14,Tue,08:45 AM,13.8,421,H
2014/10/14,Tue,05:42 PM,-0.1,-3,L
2014/10/14,Tue,10:09 PM,17.8,543,H
2014/10/15,Wed,06:40 AM,1.4,43,L
2014/10/15,Wed,09:41 AM,13.4,408,H
2014/10/15,Wed,06:34 PM,0.1,3,L
2014/10/15,Wed,10:58 PM,17.4,530,H
2014/10/16,Thu,07:34 AM,1.4,43,L
2014/10/16,Thu,10:38 AM,13.1,399,H
2014/10/16,Thu,07:25 PM,0.3,9,L
2014/10/16,Thu,11:45 PM,16.8,512,H
2014/10/17,Fri,08:26 AM,1.4,43,L
2014/10/17,Fri,11:34 AM,12.8,390,H
2014/10/17,Fri,08:16 PM,0.6,18,L
2014/10/18,Sat,12:28 AM,16.1,491,H
2014/10/18,Sat,09:15 AM,1.3,40,L
2014/10/18,Sat,12:30 PM,12.7,387,H
2014/10/18,Sat,09:05 PM,0.9,27,L
2014/10/19,Sun,01:07 AM,15.4,469,H
2014/10/19,Sun,10:00 AM,1.3,40,L
2014/10/19,Sun,01:24 PM,12.7,387,H
2014/10/19,Sun,09:53 PM,1.2,37,L
2014/10/20,Mon,01:42 AM,14.7,448,H
2014/10/20,Mon,10:42 AM,1.2,37,L
2014/10/20,Mon,02:18 PM,12.8,390,H
2014/10/20,Mon,10:39 PM,1.4,43,L
2014/10/21,Tue,02:12 AM,14.0,427,H
2014/10/21,Tue,11:19 AM,1.1,34,L
2014/10/21,Tue,03:11 PM,13.0,396,H
2014/10/21,Tue,11:26 PM,1.7,52,L
2014/10/22,Wed,02:39 AM,13.4,408,H
2014/10/22,Wed,11:55 AM,0.9,27,L
2014/10/22,Wed,04:05 PM,13.5,411,H
2014/10/23,Thu,12:13 AM,1.9,58,L
2014/10/23,Thu,03:05 AM,12.9,393,H
2014/10/23,Thu,12:29 PM,0.8,24,L
2014/10/23,Thu,04:57 PM,14.0,427,H
2014/10/24,Fri,01:01 AM,2.1,64,L
2014/10/24,Fri,03:32 AM,12.6,384,H
2014/10/24,Fri,01:03 PM,0.6,18,L
2014/10/24,Fri,05:46 PM,14.7,448,H
2014/10/25,Sat,01:51 AM,2.2,67,L
2014/10/25,Sat,04:03 AM,12.5,381,H
2014/10/25,Sat,01:39 PM,0.4,12,L
2014/10/25,Sat,06:34 PM,15.4,469,H
2014/10/26,Sun,02:41 AM,2.2,67,L
2014/10/26,Sun,04:42 AM,12.4,378,H
2014/10/26,Sun,02:19 PM,0.2,6,L
2014/10/26,Sun,07:20 PM,16.1,491,H
2014/10/27,Mon,03:32 AM,2.2,67,L
2014/10/27,Mon,05:29 AM,12.4,378,H
2014/10/27,Mon,03:03 PM,0.1,3,L
2014/10/27,Mon,08:06 PM,16.7,509,H
2014/10/28,Tue,04:22 AM,2.2,67,L
2014/10/28,Tue,06:23 AM,12.5,381,H
2014/10/28,Tue,03:51 PM,0.0,0,L
2014/10/28,Tue,08:51 PM,17.1,521,H
2014/10/29,Wed,05:13 AM,2.0,61,L
2014/10/29,Wed,07:23 AM,12.7,387,H
2014/10/29,Wed,04:43 PM,-0.1,-3,L
2014/10/29,Wed,09:35 PM,17.3,527,H
2014/10/30,Thu,06:02 AM,1.8,55,L
2014/10/30,Thu,08:28 AM,12.9,393,H
2014/10/30,Thu,05:37 PM,0.0,0,L
2014/10/30,Thu,10:18 PM,17.4,530,H
2014/10/31,Fri,06:52 AM,1.6,49,L
2014/10/31,Fri,09:36 AM,13.1,399,H
2014/10/31,Fri,06:32 PM,0.1,3,L
2014/10/31,Fri,11:01 PM,17.4,530,H
2014/11/01,Sat,07:43 AM,1.3,40,L
2014/11/01,Sat,10:46 AM,13.5,411,H
2014/11/01,Sat,07:30 PM,0.4,12,L
2014/11/01,Sat,11:44 PM,17.3,527,H
2014/11/02,Sun,07:35 AM,0.9,27,L
2014/11/02,Sun,10:56 AM,14.0,427,H
2014/11/02,Sun,07:29 PM,0.6,18,L
2014/11/02,Sun,11:27 PM,17.1,521,H
2014/11/03,Mon,08:27 AM,0.6,18,L
2014/11/03,Mon,12:04 PM,14.6,445,H
2014/11/03,Mon,08:30 PM,0.9,27,L
2014/11/04,Tue,12:09 AM,16.7,509,H
2014/11/04,Tue,09:18 AM,0.2,6,L
2014/11/04,Tue,01:12 PM,15.3,466,H
2014/11/04,Tue,09:31 PM,1.2,37,L
2014/11/05,Wed,12:53 AM,16.3,497,H
2014/11/05,Wed,10:09 AM,-0.1,-3,L
2014/11/05,Wed,02:18 PM,16.0,488,H
2014/11/05,Wed,10:32 PM,1.5,46,L
2014/11/06,Thu,01:39 AM,15.7,479,H
2014/11/06,Thu,11:00 AM,-0.3,-9,L
2014/11/06,Thu,03:22 PM,16.7,509,H
2014/11/06,Thu,11:34 PM,1.7,52,L
2014/11/07,Fri,02:28 AM,15.0,457,H
2014/11/07,Fri,11:51 AM,-0.4,-12,L
2014/11/07,Fri,04:23 PM,17.4,530,H
2014/11/08,Sat,12:35 AM,1.8,55,L
2014/11/08,Sat,03:22 AM,14.4,439,H
2014/11/08,Sat,12:42 PM,-0.5,-15,L
2014/11/08,Sat,05:20 PM,17.9,546,H
2014/11/09,Sun,01:36 AM,1.8,55,L
2014/11/09,Sun,04:18 AM,13.8,421,H
2014/11/09,Sun,01:33 PM,-0.4,-12,L
2014/11/09,Sun,06:14 PM,18.2,555,H
2014/11/10,Mon,02:35 AM,1.8,55,L
2014/11/10,Mon,05:15 AM,13.2,402,H
2014/11/10,Mon,02:24 PM,-0.3,-9,L
2014/11/10,Mon,07:05 PM,18.3,558,H
2014/11/11,Tue,03:33 AM,1.7,52,L
2014/11/11,Tue,06:14 AM,12.8,390,H
2014/11/11,Tue,03:15 PM,-0.1,-3,L
2014/11/11,Tue,07:53 PM,18.2,555,H
2014/11/12,Wed,04:28 AM,1.6,49,L
2014/11/12,Wed,07:13 AM,12.4,378,H
2014/11/12,Wed,04:05 PM,0.1,3,L
2014/11/12,Wed,08:38 PM,18.0,549,H
2014/11/13,Thu,05:20 AM,1.5,46,L
2014/11/13,Thu,08:12 AM,12.2,372,H
2014/11/13,Thu,04:54 PM,0.4,12,L
2014/11/13,Thu,09:20 PM,17.5,533,H
2014/11/14,Fri,06:10 AM,1.4,43,L
2014/11/14,Fri,09:10 AM,12.0,366,H
2014/11/14,Fri,05:42 PM,0.7,21,L
2014/11/14,Fri,10:00 PM,16.9,515,H
2014/11/15,Sat,06:58 AM,1.3,40,L
2014/11/15,Sat,10:09 AM,12.0,366,H
2014/11/15,Sat,06:31 PM,1.0,30,L
2014/11/15,Sat,10:36 PM,16.3,497,H
2014/11/16,Sun,07:42 AM,1.1,34,L
2014/11/16,Sun,11:08 AM,12.2,372,H
2014/11/16,Sun,07:19 PM,1.3,40,L
2014/11/16,Sun,11:10 PM,15.6,475,H
2014/11/17,Mon,08:24 AM,1.0,30,L
2014/11/17,Mon,12:05 PM,12.5,381,H
2014/11/17,Mon,08:08 PM,1.6,49,L
2014/11/17,Mon,11:39 PM,14.9,454,H
2014/11/18,Tue,09:02 AM,0.8,24,L
2014/11/18,Tue,01:00 PM,12.9,393,H
2014/11/18,Tue,08:57 PM,1.9,58,L
2014/11/19,Wed,12:05 AM,14.3,436,H
2014/11/19,Wed,09:36 AM,0.6,18,L
2014/11/19,Wed,01:54 PM,13.5,411,H
2014/11/19,Wed,09:46 PM,2.2,67,L
2014/11/20,Thu,12:28 AM,13.8,421,H
2014/11/20,Thu,10:09 AM,0.5,15,L
2014/11/20,Thu,02:46 PM,14.2,433,H
2014/11/20,Thu,10:36 PM,2.4,73,L
2014/11/21,Fri,12:50 AM,13.5,411,H
2014/11/21,Fri,10:42 AM,0.3,9,L
2014/11/21,Fri,03:37 PM,14.9,454,H
2014/11/21,Fri,11:28 PM,2.5,76,L
2014/11/22,Sat,01:17 AM,13.3,405,H
2014/11/22,Sat,11:18 AM,0.1,3,L
2014/11/22,Sat,04:25 PM,15.7,479,H
2014/11/23,Sun,12:20 AM,2.5,76,L
2014/11/23,Sun,01:56 AM,13.1,399,H
2014/11/23,Sun,11:59 AM,-0.1,-3,L
2014/11/23,Sun,05:11 PM,16.4,500,H
2014/11/24,Mon,01:13 AM,2.5,76,L
2014/11/24,Mon,02:47 AM,13.0,396,H
2014/11/24,Mon,12:44 PM,-0.2,-6,L
2014/11/24,Mon,05:55 PM,17.1,521,H
2014/11/25,Tue,02:05 AM,2.4,73,L
2014/11/25,Tue,03:48 AM,12.9,393,H
2014/11/25,Tue,01:33 PM,-0.3,-9,L
2014/11/25,Tue,06:39 PM,17.6,536,H
2014/11/26,Wed,02:59 AM,2.2,67,L
2014/11/26,Wed,04:57 AM,12.8,390,H
2014/11/26,Wed,02:26 PM,-0.3,-9,L
2014/11/26,Wed,07:23 PM,18.1,552,H
2014/11/27,Thu,03:52 AM,1.9,58,L
2014/11/27,Thu,06:11 AM,12.8,390,H
2014/11/27,Thu,03:21 PM,-0.2,-6,L
2014/11/27,Thu,08:06 PM,18.3,558,H
2014/11/28,Fri,04:45 AM,1.5,46,L
2014/11/28,Fri,07:27 AM,12.9,393,H
2014/11/28,Fri,04:18 PM,0.0,0,L
2014/11/28,Fri,08:49 PM,18.4,561,H
2014/11/29,Sat,05:37 AM,1.1,34,L
2014/11/29,Sat,08:42 AM,13.2,402,H
2014/11/29,Sat,05:16 PM,0.3,9,L
2014/11/29,Sat,09:32 PM,18.3,558,H
2014/11/30,Sun,06:29 AM,0.7,21,L
2014/11/30,Sun,09:55 AM,13.7,418,H
2014/11/30,Sun,06:15 PM,0.7,21,L
2014/11/30,Sun,10:15 PM,18.1,552,H
2014/12/01,Mon,07:22 AM,0.3,9,L
2014/12/01,Mon,11:06 AM,14.3,436,H
2014/12/01,Mon,07:17 PM,1.1,34,L
2014/12/01,Mon,10:58 PM,17.6,536,H
2014/12/02,Tue,08:14 AM,-0.1,-3,L
2014/12/02,Tue,12:14 PM,15.1,460,H
2014/12/02,Tue,08:19 PM,1.4,43,L
2014/12/02,Tue,11:42 PM,17.0,518,H
2014/12/03,Wed,09:04 AM,-0.3,-9,L
2014/12/03,Wed,01:20 PM,15.8,482,H
2014/12/03,Wed,09:21 PM,1.7,52,L
2014/12/04,Thu,12:26 AM,16.3,497,H
2014/12/04,Thu,09:54 AM,-0.5,-15,L
2014/12/04,Thu,02:23 PM,16.5,503,H
2014/12/04,Thu,10:23 PM,1.9,58,L
2014/12/05,Fri,01:11 AM,15.4,469,H
2014/12/05,Fri,10:44 AM,-0.6,-18,L
2014/12/05,Fri,03:23 PM,17.1,521,H
2014/12/05,Fri,11:24 PM,2.1,64,L
2014/12/06,Sat,01:59 AM,14.6,445,H
2014/12/06,Sat,11:32 AM,-0.6,-18,L
2014/12/06,Sat,04:19 PM,17.5,533,H
2014/12/07,Sun,12:24 AM,2.1,64,L
2014/12/07,Sun,02:51 AM,13.7,418,H
2014/12/07,Sun,12:21 PM,-0.5,-15,L
2014/12/07,Sun,05:11 PM,17.8,543,H
2014/12/08,Mon,01:22 AM,2.1,64,L
2014/12/08,Mon,03:46 AM,12.9,393,H
2014/12/08,Mon,01:08 PM,-0.3,-9,L
2014/12/08,Mon,05:58 PM,17.9,546,H
2014/12/09,Tue,02:19 AM,2.1,64,L
2014/12/09,Tue,04:43 AM,12.3,375,H
2014/12/09,Tue,01:55 PM,-0.1,-3,L
2014/12/09,Tue,06:43 PM,17.9,546,H
2014/12/10,Wed,03:14 AM,1.9,58,L
2014/12/10,Wed,05:41 AM,11.9,363,H
2014/12/10,Wed,02:42 PM,0.1,3,L
2014/12/10,Wed,07:24 PM,17.8,543,H
2014/12/11,Thu,04:06 AM,1.8,55,L
2014/12/11,Thu,06:41 AM,11.6,354,H
2014/12/11,Thu,03:28 PM,0.4,12,L
2014/12/11,Thu,08:03 PM,17.5,533,H
2014/12/12,Fri,04:55 AM,1.6,49,L
2014/12/12,Fri,07:42 AM,11.4,347,H
2014/12/12,Fri,04:14 PM,0.6,18,L
2014/12/12,Fri,08:39 PM,17.2,524,H
2014/12/13,Sat,05:40 AM,1.4,43,L
2014/12/13,Sat,08:42 AM,11.4,347,H
2014/12/13,Sat,05:00 PM,1.0,30,L
2014/12/13,Sat,09:13 PM,16.7,509,H
2014/12/14,Sun,06:23 AM,1.2,37,L
2014/12/14,Sun,09:42 AM,11.6,354,H
2014/12/14,Sun,05:46 PM,1.3,40,L
2014/12/14,Sun,09:45 PM,16.2,494,H
2014/12/15,Mon,07:04 AM,1.0,30,L
2014/12/15,Mon,10:42 AM,12.0,366,H
2014/12/15,Mon,06:33 PM,1.6,49,L
2014/12/15,Mon,10:14 PM,15.6,475,H
2014/12/16,Tue,07:42 AM,0.7,21,L
2014/12/16,Tue,11:40 AM,12.5,381,H
2014/12/16,Tue,07:23 PM,1.9,58,L
2014/12/16,Tue,10:41 PM,15.0,457,H
2014/12/17,Wed,08:18 AM,0.5,15,L
2014/12/17,Wed,12:35 PM,13.2,402,H
2014/12/17,Wed,08:14 PM,2.2,67,L
2014/12/17,Wed,11:05 PM,14.6,445,H
2014/12/18,Thu,08:52 AM,0.3,9,L
2014/12/18,Thu,01:28 PM,13.9,424,H
2014/12/18,Thu,09:05 PM,2.5,76,L
2014/12/18,Thu,11:28 PM,14.4,439,H
2014/12/19,Fri,09:26 AM,0.1,3,L
2014/12/19,Fri,02:18 PM,14.6,445,H
2014/12/19,Fri,09:56 PM,2.6,79,L
2014/12/19,Fri,11:56 PM,14.3,436,H
2014/12/20,Sat,10:02 AM,-0.1,-3,L
2014/12/20,Sat,03:07 PM,15.3,466,H
2014/12/20,Sat,10:48 PM,2.7,82,L
2014/12/21,Sun,12:34 AM,14.2,433,H
2014/12/21,Sun,10:43 AM,-0.3,-9,L
2014/12/21,Sun,03:54 PM,16.0,488,H
2014/12/21,Sun,11:42 PM,2.7,82,L
2014/12/22,Mon,01:21 AM,14.1,430,H
2014/12/22,Mon,11:29 AM,-0.4,-12,L
2014/12/22,Mon,04:39 PM,16.7,509,H
2014/12/23,Tue,12:37 AM,2.5,76,L
2014/12/23,Tue,02:20 AM,13.8,421,H
2014/12/23,Tue,12:18 PM,-0.5,-15,L
2014/12/23,Tue,05:23 PM,17.4,530,H
2014/12/24,Wed,01:33 AM,2.3,70,L
2014/12/24,Wed,03:32 AM,13.6,415,H
2014/12/24,Wed,01:11 PM,-0.5,-15,L
2014/12/24,Wed,06:07 PM,17.9,546,H
2014/12/25,Thu,02:29 AM,2.0,61,L
2014/12/25,Thu,04:50 AM,13.4,408,H
2014/12/25,Thu,02:06 PM,-0.3,-9,L
2014/12/25,Thu,06:50 PM,18.4,561,H
2014/12/26,Fri,03:25 AM,1.5,46,L
2014/12/26,Fri,06:09 AM,13.3,405,H
2014/12/26,Fri,03:04 PM,-0.1,-3,L
2014/12/26,Fri,07:34 PM,18.7,570,H
2014/12/27,Sat,04:21 AM,1.1,34,L
2014/12/27,Sat,07:28 AM,13.5,411,H
2014/12/27,Sat,04:03 PM,0.2,6,L
2014/12/27,Sat,08:19 PM,18.7,570,H
2014/12/28,Sun,05:16 AM,0.6,18,L
2014/12/28,Sun,08:44 AM,13.9,424,H
2014/12/28,Sun,05:03 PM,0.6,18,L
2014/12/28,Sun,09:03 PM,18.6,567,H
2014/12/29,Mon,06:10 AM,0.2,6,L
2014/12/29,Mon,09:56 AM,14.5,442,H
2014/12/29,Mon,06:04 PM,1.0,30,L
2014/12/29,Mon,09:49 PM,18.2,555,H
2014/12/30,Tue,07:04 AM,-0.2,-6,L
2014/12/30,Tue,11:07 AM,15.1,460,H
2014/12/30,Tue,07:06 PM,1.4,43,L
2014/12/30,Tue,10:35 PM,17.6,536,H
2014/12/31,Wed,07:57 AM,-0.5,-15,L
2014/12/31,Wed,12:13 PM,15.8,482,H
2014/12/31,Wed,08:09 PM,1.7,52,L
2014/12/31,Wed,11:22 PM,16.8,512,H
