date,day,time,inches,centimeters,tide
2014/01/01,Wed,12:22 AM,-0.7,-21,L
2014/01/01,Wed,07:20 AM,5.1,155,H
2014/01/01,Wed,01:13 PM,-0.8,-24,L
2014/01/01,Wed,07:48 PM,4.3,131,H
2014/01/02,Thu,01:19 AM,-0.8,-24,L
2014/01/02,Thu,08:12 AM,5.1,155,H
2014/01/02,Thu,02:09 PM,-0.9,-27,L
2014/01/02,Thu,08:41 PM,4.5,137,H
2014/01/03,Fri,02:19 AM,-0.8,-24,L
2014/01/03,Fri,09:04 AM,5.0,152,H
2014/01/03,Fri,02:59 PM,-1.0,-30,L
2014/01/03,Fri,09:34 PM,4.5,137,H
2014/01/04,Sat,03:12 AM,-0.7,-21,L
2014/01/04,Sat,09:55 AM,4.8,146,H
2014/01/04,Sat,03:43 PM,-0.9,-27,L
2014/01/04,Sat,10:27 PM,4.5,137,H
2014/01/05,Sun,04:00 AM,-0.5,-15,L
2014/01/05,Sun,10:48 AM,4.5,137,H
2014/01/05,Sun,04:26 PM,-0.7,-21,L
2014/01/05,Sun,11:22 PM,4.4,134,H
2014/01/06,Mon,04:51 AM,-0.2,-6,L
2014/01/06,Mon,11:44 AM,4.2,128,H
2014/01/06,Mon,05:15 PM,-0.4,-12,L
2014/01/07,Tue,12:20 AM,4.3,131,H
2014/01/07,Tue,06:00 AM,0.1,3,L
2014/01/07,Tue,12:42 PM,3.9,119,H
2014/01/07,Tue,06:21 PM,-0.1,-3,L
2014/01/08,Wed,01:17 AM,4.2,128,H
2014/01/08,Wed,08:22 AM,0.2,6,L
2014/01/08,Wed,01:38 PM,3.6,110,H
2014/01/08,Wed,07:49 PM,0.1,3,L
2014/01/09,Thu,02:11 AM,4.0,122,H
2014/01/09,Thu,09:46 AM,0.2,6,L
2014/01/09,Thu,02:33 PM,3.3,101,H
2014/01/09,Thu,09:39 PM,0.2,6,L
2014/01/10,Fri,03:09 AM,3.9,119,H
2014/01/10,Fri,10:52 AM,0.2,6,L
2014/01/10,Fri,03:36 PM,3.2,98,H
2014/01/10,Fri,10:53 PM,0.2,6,L
2014/01/11,Sat,04:11 AM,3.9,119,H
2014/01/11,Sat,11:46 AM,0.1,3,L
2014/01/11,Sat,04:39 PM,3.2,98,H
2014/01/11,Sat,11:44 PM,0.2,6,L
2014/01/12,Sun,05:06 AM,3.9,119,H
2014/01/12,Sun,12:34 PM,0.1,3,L
2014/01/12,Sun,05:29 PM,3.2,98,H
2014/01/13,Mon,12:27 AM,0.3,9,L
2014/01/13,Mon,05:50 AM,4.0,122,H
2014/01/13,Mon,01:22 PM,0.1,3,L
2014/01/13,Mon,06:11 PM,3.3,101,H
2014/01/14,Tue,01:01 AM,0.4,12,L
2014/01/14,Tue,06:29 AM,4.0,122,H
2014/01/14,Tue,02:07 PM,0.1,3,L
2014/01/14,Tue,06:50 PM,3.4,104,H
2014/01/15,Wed,12:17 AM,0.3,9,L
2014/01/15,Wed,07:07 AM,4.0,122,H
2014/01/15,Wed,02:38 PM,0.2,6,L
2014/01/15,Wed,07:30 PM,3.4,104,H
2014/01/16,Thu,12:45 AM,0.3,9,L
2014/01/16,Thu,07:46 AM,4.0,122,H
2014/01/16,Thu,01:38 PM,0.2,6,L
2014/01/16,Thu,08:10 PM,3.5,107,H
2014/01/17,Fri,01:22 AM,0.2,6,L
2014/01/17,Fri,08:26 AM,3.9,119,H
2014/01/17,Fri,02:02 PM,0.0,0,L
2014/01/17,Fri,08:51 PM,3.5,107,H
2014/01/18,Sat,02:03 AM,0.0,0,L
2014/01/18,Sat,09:06 AM,3.9,119,H
2014/01/18,Sat,02:34 PM,-0.2,-6,L
2014/01/18,Sat,09:31 PM,3.6,110,H
2014/01/19,Sun,02:43 AM,-0.1,-3,L
2014/01/19,Sun,09:45 AM,3.8,116,H
2014/01/19,Sun,03:08 PM,-0.3,-9,L
2014/01/19,Sun,10:11 PM,3.6,110,H
2014/01/20,Mon,03:22 AM,-0.1,-3,L
2014/01/20,Mon,10:26 AM,3.7,113,H
2014/01/20,Mon,03:43 PM,-0.4,-12,L
2014/01/20,Mon,10:55 PM,3.6,110,H
2014/01/21,Tue,04:01 AM,-0.1,-3,L
2014/01/21,Tue,11:12 AM,3.5,107,H
2014/01/21,Tue,04:20 PM,-0.4,-12,L
2014/01/21,Tue,11:44 PM,3.7,113,H
2014/01/22,Wed,04:45 AM,-0.1,-3,L
2014/01/22,Wed,12:03 PM,3.4,104,H
2014/01/22,Wed,05:04 PM,-0.4,-12,L
2014/01/23,Thu,12:37 AM,3.7,113,H
2014/01/23,Thu,05:40 AM,0.1,3,L
2014/01/23,Thu,12:57 PM,3.3,101,H
2014/01/23,Thu,05:59 PM,-0.3,-9,L
2014/01/24,Fri,01:29 AM,3.8,116,H
2014/01/24,Fri,06:47 AM,0.2,6,L
2014/01/24,Fri,01:50 PM,3.2,98,H
2014/01/24,Fri,07:02 PM,-0.2,-6,L
2014/01/25,Sat,02:23 AM,3.9,119,H
2014/01/25,Sat,07:52 AM,0.1,3,L
2014/01/25,Sat,02:48 PM,3.2,98,H
2014/01/25,Sat,08:04 PM,-0.2,-6,L
2014/01/26,Sun,03:24 AM,4.1,125,H
2014/01/26,Sun,08:57 AM,0.0,0,L
2014/01/26,Sun,03:55 PM,3.3,101,H
2014/01/26,Sun,09:06 PM,-0.3,-9,L
2014/01/27,Mon,04:29 AM,4.3,131,H
2014/01/27,Mon,10:07 AM,-0.1,-3,L
2014/01/27,Mon,04:58 PM,3.6,110,H
2014/01/27,Mon,10:13 PM,-0.4,-12,L
2014/01/28,Tue,05:25 AM,4.6,140,H
2014/01/28,Tue,11:11 AM,-0.4,-12,L
2014/01/28,Tue,05:51 PM,4.0,122,H
2014/01/28,Tue,11:16 PM,-0.6,-18,L
2014/01/29,Wed,06:15 AM,4.8,146,H
2014/01/29,Wed,12:06 PM,-0.6,-18,L
2014/01/29,Wed,06:40 PM,4.3,131,H
2014/01/30,Thu,12:13 AM,-0.7,-21,L
2014/01/30,Thu,07:03 AM,4.9,149,H
2014/01/30,Thu,01:00 PM,-0.8,-24,L
2014/01/30,Thu,07:30 PM,4.5,137,H
2014/01/31,Fri,01:12 AM,-0.8,-24,L
2014/01/31,Fri,07:54 AM,4.9,149,H
2014/01/31,Fri,01:55 PM,-0.9,-27,L
2014/01/31,Fri,08:22 PM,4.6,140,H
2014/02/01,Sat,02:12 AM,-0.8,-24,L
2014/02/01,Sat,08:45 AM,4.8,146,H
2014/02/01,Sat,02:44 PM,-1.0,-30,L
2014/02/01,Sat,09:13 PM,4.7,143,H
2014/02/02,Sun,03:03 AM,-0.8,-24,L
2014/02/02,Sun,09:35 AM,4.6,140,H
2014/02/02,Sun,03:25 PM,-0.9,-27,L
2014/02/02,Sun,10:03 PM,4.6,140,H
2014/02/03,Mon,03:47 AM,-0.6,-18,L
2014/02/03,Mon,10:24 AM,4.4,134,H
2014/02/03,Mon,04:03 PM,-0.8,-24,L
2014/02/03,Mon,10:55 PM,4.5,137,H
2014/02/04,Tue,04:30 AM,-0.3,-9,L
2014/02/04,Tue,11:17 AM,4.0,122,H
2014/02/04,Tue,04:43 PM,-0.5,-15,L
2014/02/04,Tue,11:49 PM,4.3,131,H
2014/02/05,Wed,05:19 AM,0.0,0,L
2014/02/05,Wed,12:12 PM,3.7,113,H
2014/02/05,Wed,05:30 PM,-0.1,-3,L
2014/02/06,Thu,12:45 AM,4.1,125,H
2014/02/06,Thu,07:35 AM,0.4,12,L
2014/02/06,Thu,01:08 PM,3.4,104,H
2014/02/06,Thu,06:36 PM,0.2,6,L
2014/02/07,Fri,01:39 AM,3.9,119,H
2014/02/07,Fri,09:15 AM,0.4,12,L
2014/02/07,Fri,02:02 PM,3.2,98,H
2014/02/07,Fri,07:59 PM,0.4,12,L
2014/02/08,Sat,02:33 AM,3.7,113,H
2014/02/08,Sat,10:27 AM,0.4,12,L
2014/02/08,Sat,03:00 PM,3.0,91,H
2014/02/08,Sat,10:31 PM,0.4,12,L
2014/02/09,Sun,03:35 AM,3.6,110,H
2014/02/09,Sun,11:23 AM,0.3,9,L
2014/02/09,Sun,04:05 PM,3.0,91,H
2014/02/09,Sun,11:27 PM,0.4,12,L
2014/02/10,Mon,04:36 AM,3.6,110,H
2014/02/10,Mon,12:11 PM,0.2,6,L
2014/02/10,Mon,05:03 PM,3.1,94,H
2014/02/11,Tue,12:12 AM,0.4,12,L
2014/02/11,Tue,05:26 AM,3.7,113,H
2014/02/11,Tue,12:55 PM,0.2,6,L
2014/02/11,Tue,05:48 PM,3.3,101,H
2014/02/12,Wed,12:50 AM,0.4,12,L
2014/02/12,Wed,06:07 AM,3.9,119,H
2014/02/12,Wed,01:37 PM,0.2,6,L
2014/02/12,Wed,06:27 PM,3.4,104,H
2014/02/13,Thu,12:11 AM,0.4,12,L
2014/02/13,Thu,06:44 AM,3.9,119,H
2014/02/13,Thu,02:07 PM,0.2,6,L
2014/02/13,Thu,07:05 PM,3.5,107,H
2014/02/14,Fri,12:28 AM,0.3,9,L
2014/02/14,Fri,07:22 AM,3.9,119,H
2014/02/14,Fri,01:02 PM,0.1,3,L
2014/02/14,Fri,07:43 PM,3.7,113,H
2014/02/15,Sat,01:02 AM,0.1,3,L
2014/02/15,Sat,08:00 AM,3.9,119,H
2014/02/15,Sat,01:29 PM,0.0,0,L
2014/02/15,Sat,08:23 PM,3.7,113,H
2014/02/16,Sun,01:41 AM,0.0,0,L
2014/02/16,Sun,08:40 AM,3.9,119,H
2014/02/16,Sun,02:04 PM,-0.2,-6,L
2014/02/16,Sun,09:02 PM,3.8,116,H
2014/02/17,Mon,02:22 AM,-0.2,-6,L
2014/02/17,Mon,09:19 AM,3.8,116,H
2014/02/17,Mon,02:41 PM,-0.4,-12,L
2014/02/17,Mon,09:42 PM,3.9,119,H
2014/02/18,Tue,03:02 AM,-0.3,-9,L
2014/02/18,Tue,09:59 AM,3.7,113,H
2014/02/18,Tue,03:17 PM,-0.5,-15,L
2014/02/18,Tue,10:24 PM,3.9,119,H
2014/02/19,Wed,03:41 AM,-0.4,-12,L
2014/02/19,Wed,10:43 AM,3.6,110,H
2014/02/19,Wed,03:55 PM,-0.6,-18,L
2014/02/19,Wed,11:10 PM,4.0,122,H
2014/02/20,Thu,04:23 AM,-0.3,-9,L
2014/02/20,Thu,11:33 AM,3.5,107,H
2014/02/20,Thu,04:37 PM,-0.5,-15,L
2014/02/21,Fri,12:04 AM,4.0,122,H
2014/02/21,Fri,05:13 AM,-0.1,-3,L
2014/02/21,Fri,12:29 PM,3.4,104,H
2014/02/21,Fri,05:29 PM,-0.3,-9,L
2014/02/22,Sat,01:00 AM,4.0,122,H
2014/02/22,Sat,06:16 AM,0.0,0,L
2014/02/22,Sat,01:25 PM,3.3,101,H
2014/02/22,Sat,06:34 PM,-0.2,-6,L
2014/02/23,Sun,01:56 AM,4.0,122,H
2014/02/23,Sun,07:27 AM,0.1,3,L
2014/02/23,Sun,02:24 PM,3.3,101,H
2014/02/23,Sun,07:42 PM,-0.2,-6,L
2014/02/24,Mon,02:58 AM,4.1,125,H
2014/02/24,Mon,08:34 AM,0.1,3,L
2014/02/24,Mon,03:30 PM,3.5,107,H
2014/02/24,Mon,08:49 PM,-0.2,-6,L
2014/02/25,Tue,04:05 AM,4.2,128,H
2014/02/25,Tue,09:47 AM,-0.1,-3,L
2014/02/25,Tue,04:38 PM,3.8,116,H
2014/02/25,Tue,10:02 PM,-0.3,-9,L
2014/02/26,Wed,05:07 AM,4.5,137,H
2014/02/26,Wed,10:59 AM,-0.3,-9,L
2014/02/26,Wed,05:34 PM,4.2,128,H
2014/02/26,Wed,11:12 PM,-0.4,-12,L
2014/02/27,Thu,05:58 AM,4.7,143,H
2014/02/27,Thu,11:55 AM,-0.5,-15,L
2014/02/27,Thu,06:23 PM,4.5,137,H
2014/02/28,Fri,12:10 AM,-0.6,-18,L
2014/02/28,Fri,06:46 AM,4.8,146,H
2014/02/28,Fri,12:45 PM,-0.7,-21,L
2014/02/28,Fri,07:11 PM,4.7,143,H
2014/03/01,Sat,01:07 AM,-0.7,-21,L
2014/03/01,Sat,07:35 AM,4.8,146,H
2014/03/01,Sat,01:35 PM,-0.8,-24,L
2014/03/01,Sat,08:01 PM,4.8,146,H
2014/03/02,Sun,02:05 AM,-0.7,-21,L
2014/03/02,Sun,08:24 AM,4.7,143,H
2014/03/02,Sun,02:23 PM,-0.8,-24,L
2014/03/02,Sun,08:50 PM,4.8,146,H
2014/03/03,Mon,02:52 AM,-0.7,-21,L
2014/03/03,Mon,09:13 AM,4.5,137,H
2014/03/03,Mon,03:02 PM,-0.7,-21,L
2014/03/03,Mon,09:38 PM,4.7,143,H
2014/03/04,Tue,03:30 AM,-0.5,-15,L
2014/03/04,Tue,10:00 AM,4.3,131,H
2014/03/04,Tue,03:37 PM,-0.6,-18,L
2014/03/04,Tue,10:26 PM,4.5,137,H
2014/03/05,Wed,04:05 AM,-0.3,-9,L
2014/03/05,Wed,10:48 AM,4.0,122,H
2014/03/05,Wed,04:11 PM,-0.3,-9,L
2014/03/05,Wed,11:16 PM,4.3,131,H
2014/03/06,Thu,04:43 AM,0.1,3,L
2014/03/06,Thu,11:41 AM,3.7,113,H
2014/03/06,Thu,04:49 PM,0.0,0,L
2014/03/07,Fri,12:11 AM,4.0,122,H
2014/03/07,Fri,05:30 AM,0.4,12,L
2014/03/07,Fri,12:36 PM,3.4,104,H
2014/03/07,Fri,05:36 PM,0.4,12,L
2014/03/08,Sat,01:05 AM,3.8,116,H
2014/03/08,Sat,08:34 AM,0.7,21,L
2014/03/08,Sat,01:30 PM,3.2,98,H
2014/03/08,Sat,06:45 PM,0.6,18,L
2014/03/09,Sun,01:58 AM,3.6,110,H
2014/03/09,Sun,10:53 AM,0.6,18,L
2014/03/09,Sun,03:25 PM,3.1,94,H
2014/03/09,Sun,11:01 PM,0.7,21,L
2014/03/10,Mon,03:55 AM,3.5,107,H
2014/03/10,Mon,11:53 AM,0.5,15,L
2014/03/10,Mon,04:26 PM,3.1,94,H
2014/03/11,Tue,12:03 AM,0.6,18,L
2014/03/11,Tue,04:58 AM,3.5,107,H
2014/03/11,Tue,12:40 PM,0.5,15,L
2014/03/11,Tue,05:29 PM,3.2,98,H
2014/03/12,Wed,12:49 AM,0.6,18,L
2014/03/12,Wed,05:55 AM,3.6,110,H
2014/03/12,Wed,01:20 PM,0.4,12,L
2014/03/12,Wed,06:19 PM,3.4,104,H
2014/03/13,Thu,01:24 AM,0.5,15,L
2014/03/13,Thu,06:39 AM,3.7,113,H
2014/03/13,Thu,01:51 PM,0.4,12,L
2014/03/13,Thu,07:00 PM,3.6,110,H
2014/03/14,Fri,12:55 AM,0.4,12,L
2014/03/14,Fri,07:18 AM,3.9,119,H
2014/03/14,Fri,01:05 PM,0.3,9,L
2014/03/14,Fri,07:37 PM,3.8,116,H
2014/03/15,Sat,01:08 AM,0.3,9,L
2014/03/15,Sat,07:55 AM,3.9,119,H
2014/03/15,Sat,01:22 PM,0.2,6,L
2014/03/15,Sat,08:14 PM,4.0,122,H
2014/03/16,Sun,01:39 AM,0.1,3,L
2014/03/16,Sun,08:33 AM,3.9,119,H
2014/03/16,Sun,01:53 PM,0.0,0,L
2014/03/16,Sun,08:52 PM,4.1,125,H
2014/03/17,Mon,02:18 AM,-0.1,-3,L
2014/03/17,Mon,09:12 AM,3.9,119,H
2014/03/17,Mon,02:31 PM,-0.2,-6,L
2014/03/17,Mon,09:33 PM,4.2,128,H
2014/03/18,Tue,03:00 AM,-0.2,-6,L
2014/03/18,Tue,09:53 AM,3.9,119,H
2014/03/18,Tue,03:12 PM,-0.4,-12,L
2014/03/18,Tue,10:14 PM,4.3,131,H
2014/03/19,Wed,03:42 AM,-0.4,-12,L
2014/03/19,Wed,10:35 AM,3.9,119,H
2014/03/19,Wed,03:53 PM,-0.5,-15,L
2014/03/19,Wed,10:57 PM,4.3,131,H
2014/03/20,Thu,04:23 AM,-0.4,-12,L
2014/03/20,Thu,11:19 AM,3.8,116,H
2014/03/20,Thu,04:34 PM,-0.5,-15,L
2014/03/20,Thu,11:44 PM,4.3,131,H
2014/03/21,Fri,05:05 AM,-0.4,-12,L
2014/03/21,Fri,12:09 PM,3.7,113,H
2014/03/21,Fri,05:17 PM,-0.5,-15,L
2014/03/22,Sat,12:38 AM,4.2,128,H
2014/03/22,Sat,05:53 AM,-0.2,-6,L
2014/03/22,Sat,01:07 PM,3.6,110,H
2014/03/22,Sat,06:08 PM,-0.3,-9,L
2014/03/23,Sun,01:37 AM,4.2,128,H
2014/03/23,Sun,06:54 AM,0.0,0,L
2014/03/23,Sun,02:07 PM,3.6,110,H
2014/03/23,Sun,07:14 PM,0.0,0,L
2014/03/24,Mon,02:36 AM,4.1,125,H
2014/03/24,Mon,08:07 AM,0.1,3,L
2014/03/24,Mon,03:06 PM,3.7,113,H
2014/03/24,Mon,08:29 PM,0.1,3,L
2014/03/25,Tue,03:36 AM,4.1,125,H
2014/03/25,Tue,09:18 AM,0.1,3,L
2014/03/25,Tue,04:10 PM,3.8,116,H
2014/03/25,Tue,09:41 PM,0.1,3,L
2014/03/26,Wed,04:43 AM,4.2,128,H
2014/03/26,Wed,10:32 AM,0.0,0,L
2014/03/26,Wed,05:18 PM,4.1,125,H
2014/03/26,Wed,11:03 PM,0.0,0,L
2014/03/27,Thu,05:47 AM,4.3,131,H
2014/03/27,Thu,11:49 AM,-0.2,-6,L
2014/03/27,Thu,06:16 PM,4.4,134,H
2014/03/28,Fri,12:20 AM,-0.2,-6,L
2014/03/28,Fri,06:41 AM,4.5,137,H
2014/03/28,Fri,12:42 PM,-0.3,-9,L
2014/03/28,Fri,07:05 PM,4.7,143,H
2014/03/29,Sat,01:16 AM,-0.4,-12,L
2014/03/29,Sat,07:28 AM,4.6,140,H
2014/03/29,Sat,01:27 PM,-0.4,-12,L
2014/03/29,Sat,07:52 PM,4.9,149,H
2014/03/30,Sun,02:09 AM,-0.4,-12,L
2014/03/30,Sun,08:15 AM,4.6,140,H
2014/03/30,Sun,02:11 PM,-0.4,-12,L
2014/03/30,Sun,08:38 PM,5.0,152,H
2014/03/31,Mon,03:01 AM,-0.4,-12,L
2014/03/31,Mon,09:02 AM,4.5,137,H
2014/03/31,Mon,02:55 PM,-0.4,-12,L
2014/03/31,Mon,09:25 PM,4.9,149,H
2014/04/01,Tue,03:41 AM,-0.4,-12,L
2014/04/01,Tue,09:49 AM,4.3,131,H
2014/04/01,Tue,03:34 PM,-0.3,-9,L
2014/04/01,Tue,10:11 PM,4.7,143,H
2014/04/02,Wed,04:11 AM,-0.3,-9,L
2014/04/02,Wed,10:35 AM,4.1,125,H
2014/04/02,Wed,04:07 PM,-0.2,-6,L
2014/04/02,Wed,10:57 PM,4.5,137,H
2014/04/03,Thu,04:40 AM,-0.1,-3,L
2014/04/03,Thu,11:21 AM,3.9,119,H
2014/04/03,Thu,04:40 PM,0.0,0,L
2014/04/03,Thu,11:44 PM,4.3,131,H
2014/04/04,Fri,05:11 AM,0.1,3,L
2014/04/04,Fri,12:10 PM,3.6,110,H
2014/04/04,Fri,05:14 PM,0.2,6,L
2014/04/05,Sat,12:35 AM,4.0,122,H
2014/04/05,Sat,05:48 AM,0.4,12,L
2014/04/05,Sat,01:04 PM,3.5,107,H
2014/04/05,Sat,05:54 PM,0.5,15,L
2014/04/06,Sun,01:29 AM,3.8,116,H
2014/04/06,Sun,06:37 AM,0.7,21,L
2014/04/06,Sun,01:59 PM,3.3,101,H
2014/04/06,Sun,06:48 PM,0.7,21,L
2014/04/07,Mon,02:23 AM,3.6,110,H
2014/04/07,Mon,07:49 AM,0.8,24,L
2014/04/07,Mon,02:51 PM,3.3,101,H
2014/04/07,Mon,08:03 PM,0.9,27,L
2014/04/08,Tue,03:15 AM,3.5,107,H
2014/04/08,Tue,11:07 AM,0.8,24,L
2014/04/08,Tue,03:46 PM,3.3,101,H
2014/04/08,Tue,09:13 PM,0.9,27,L
2014/04/09,Wed,04:13 AM,3.5,107,H
2014/04/09,Wed,11:58 AM,0.7,21,L
2014/04/09,Wed,04:47 PM,3.4,104,H
2014/04/10,Thu,12:16 AM,0.8,24,L
2014/04/10,Thu,05:14 AM,3.5,107,H
2014/04/10,Thu,12:31 PM,0.7,21,L
2014/04/10,Thu,05:43 PM,3.6,110,H
2014/04/11,Fri,12:46 AM,0.7,21,L
2014/04/11,Fri,06:06 AM,3.6,110,H
2014/04/11,Fri,11:44 AM,0.6,18,L
2014/04/11,Fri,06:28 PM,3.9,119,H
2014/04/12,Sat,12:12 AM,0.5,15,L
2014/04/12,Sat,06:48 AM,3.8,116,H
2014/04/12,Sat,12:10 PM,0.4,12,L
2014/04/12,Sat,07:07 PM,4.1,125,H
2014/04/13,Sun,12:40 AM,0.3,9,L
2014/04/13,Sun,07:26 AM,3.9,119,H
2014/04/13,Sun,12:42 PM,0.2,6,L
2014/04/13,Sun,07:44 PM,4.3,131,H
2014/04/14,Mon,01:14 AM,0.1,3,L
2014/04/14,Mon,08:04 AM,4.0,122,H
2014/04/14,Mon,01:18 PM,0.0,0,L
2014/04/14,Mon,08:22 PM,4.5,137,H
2014/04/15,Tue,01:53 AM,-0.1,-3,L
2014/04/15,Tue,08:44 AM,4.0,122,H
2014/04/15,Tue,01:59 PM,-0.2,-6,L
2014/04/15,Tue,09:04 PM,4.6,140,H
2014/04/16,Wed,02:37 AM,-0.2,-6,L
2014/04/16,Wed,09:28 AM,4.0,122,H
2014/04/16,Wed,02:44 PM,-0.3,-9,L
2014/04/16,Wed,09:48 PM,4.7,143,H
2014/04/17,Thu,03:24 AM,-0.4,-12,L
2014/04/17,Thu,10:13 AM,4.0,122,H
2014/04/17,Thu,03:31 PM,-0.4,-12,L
2014/04/17,Thu,10:34 PM,4.7,143,H
2014/04/18,Fri,04:08 AM,-0.4,-12,L
2014/04/18,Fri,11:00 AM,4.0,122,H
2014/04/18,Fri,04:16 PM,-0.5,-15,L
2014/04/18,Fri,11:22 PM,4.6,140,H
2014/04/19,Sat,04:52 AM,-0.4,-12,L
2014/04/19,Sat,11:51 AM,3.9,119,H
2014/04/19,Sat,05:02 PM,-0.4,-12,L
2014/04/20,Sun,12:17 AM,4.5,137,H
2014/04/20,Sun,05:39 AM,-0.2,-6,L
2014/04/20,Sun,12:50 PM,3.9,119,H
2014/04/20,Sun,05:54 PM,-0.1,-3,L
2014/04/21,Mon,01:17 AM,4.4,134,H
2014/04/21,Mon,06:38 AM,0.0,0,L
2014/04/21,Mon,01:51 PM,4.0,122,H
2014/04/21,Mon,07:01 PM,0.1,3,L
2014/04/22,Tue,02:17 AM,4.3,131,H
2014/04/22,Tue,07:52 AM,0.1,3,L
2014/04/22,Tue,02:50 PM,4.1,125,H
2014/04/22,Tue,08:22 PM,0.3,9,L
2014/04/23,Wed,03:16 AM,4.2,128,H
2014/04/23,Wed,09:05 AM,0.1,3,L
2014/04/23,Wed,03:51 PM,4.2,128,H
2014/04/23,Wed,09:42 PM,0.3,9,L
2014/04/24,Thu,04:20 AM,4.1,125,H
2014/04/24,Thu,10:17 AM,0.1,3,L
2014/04/24,Thu,04:57 PM,4.4,134,H
2014/04/24,Thu,11:30 PM,0.1,3,L
2014/04/25,Fri,05:26 AM,4.2,128,H
2014/04/25,Fri,11:38 AM,0.0,0,L
2014/04/25,Fri,05:57 PM,4.6,140,H
2014/04/26,Sat,12:39 AM,0.0,0,L
2014/04/26,Sat,06:22 AM,4.3,131,H
2014/04/26,Sat,12:31 PM,-0.1,-3,L
2014/04/26,Sat,06:47 PM,4.9,149,H
2014/04/27,Sun,01:30 AM,-0.2,-6,L
2014/04/27,Sun,07:09 AM,4.4,134,H
2014/04/27,Sun,01:09 PM,-0.1,-3,L
2014/04/27,Sun,07:32 PM,5.0,152,H
2014/04/28,Mon,02:21 AM,-0.2,-6,L
2014/04/28,Mon,07:54 AM,4.3,131,H
2014/04/28,Mon,01:45 PM,-0.1,-3,L
2014/04/28,Mon,08:15 PM,4.9,149,H
2014/04/29,Tue,03:09 AM,-0.1,-3,L
2014/04/29,Tue,08:39 AM,4.2,128,H
2014/04/29,Tue,02:22 PM,0.0,0,L
2014/04/29,Tue,09:00 PM,4.8,146,H
2014/04/30,Wed,03:39 AM,-0.1,-3,L
2014/04/30,Wed,09:25 AM,4.1,125,H
2014/04/30,Wed,03:00 PM,0.1,3,L
2014/04/30,Wed,09:45 PM,4.7,143,H
2014/05/01,Thu,03:54 AM,0.0,0,L
2014/05/01,Thu,10:10 AM,4.0,122,H
2014/05/01,Thu,03:36 PM,0.2,6,L
2014/05/01,Thu,10:29 PM,4.5,137,H
2014/05/02,Fri,04:16 AM,0.1,3,L
2014/05/02,Fri,10:54 AM,3.8,116,H
2014/05/02,Fri,04:10 PM,0.2,6,L
2014/05/02,Fri,11:13 PM,4.3,131,H
2014/05/03,Sat,04:44 AM,0.2,6,L
2014/05/03,Sat,11:40 AM,3.7,113,H
2014/05/03,Sat,04:45 PM,0.4,12,L
2014/05/04,Sun,12:00 AM,4.1,125,H
2014/05/04,Sun,05:17 AM,0.4,12,L
2014/05/04,Sun,12:31 PM,3.5,107,H
2014/05/04,Sun,05:23 PM,0.5,15,L
2014/05/05,Mon,12:52 AM,3.9,119,H
2014/05/05,Mon,05:57 AM,0.5,15,L
2014/05/05,Mon,01:26 PM,3.5,107,H
2014/05/05,Mon,06:09 PM,0.8,24,L
2014/05/06,Tue,01:46 AM,3.7,113,H
2014/05/06,Tue,06:49 AM,0.7,21,L
2014/05/06,Tue,02:18 PM,3.5,107,H
2014/05/06,Tue,07:12 PM,0.9,27,L
2014/05/07,Wed,02:37 AM,3.6,110,H
2014/05/07,Wed,07:55 AM,0.8,24,L
2014/05/07,Wed,03:08 PM,3.5,107,H
2014/05/07,Wed,08:24 PM,1.0,30,L
2014/05/08,Thu,03:29 AM,3.5,107,H
2014/05/08,Thu,08:52 AM,0.7,21,L
2014/05/08,Thu,04:02 PM,3.6,110,H
2014/05/08,Thu,09:25 PM,0.9,27,L
2014/05/09,Fri,04:26 AM,3.5,107,H
2014/05/09,Fri,09:42 AM,0.7,21,L
2014/05/09,Fri,04:59 PM,3.8,116,H
2014/05/09,Fri,10:24 PM,0.8,24,L
2014/05/10,Sat,05:24 AM,3.5,107,H
2014/05/10,Sat,10:32 AM,0.5,15,L
2014/05/10,Sat,05:51 PM,4.1,125,H
2014/05/10,Sat,11:20 PM,0.6,18,L
2014/05/11,Sun,06:14 AM,3.7,113,H
2014/05/11,Sun,11:20 AM,0.4,12,L
2014/05/11,Sun,06:35 PM,4.3,131,H
2014/05/12,Mon,12:06 AM,0.4,12,L
2014/05/12,Mon,06:56 AM,3.8,116,H
2014/05/12,Mon,12:04 PM,0.2,6,L
2014/05/12,Mon,07:15 PM,4.6,140,H
2014/05/13,Tue,12:47 AM,0.1,3,L
2014/05/13,Tue,07:36 AM,4.0,122,H
2014/05/13,Tue,12:47 PM,0.0,0,L
2014/05/13,Tue,07:55 PM,4.8,146,H
2014/05/14,Wed,01:29 AM,-0.1,-3,L
2014/05/14,Wed,08:18 AM,4.0,122,H
2014/05/14,Wed,01:31 PM,-0.2,-6,L
2014/05/14,Wed,08:38 PM,4.9,149,H
2014/05/15,Thu,02:16 AM,-0.2,-6,L
2014/05/15,Thu,09:04 AM,4.1,125,H
2014/05/15,Thu,02:20 PM,-0.3,-9,L
2014/05/15,Thu,09:25 PM,5.0,152,H
2014/05/16,Fri,03:07 AM,-0.4,-12,L
2014/05/16,Fri,09:53 AM,4.2,128,H
2014/05/16,Fri,03:12 PM,-0.4,-12,L
2014/05/16,Fri,10:14 PM,5.0,152,H
2014/05/17,Sat,03:56 AM,-0.4,-12,L
2014/05/17,Sat,10:43 AM,4.2,128,H
2014/05/17,Sat,04:04 PM,-0.4,-12,L
2014/05/17,Sat,11:05 PM,4.9,149,H
2014/05/18,Sun,04:42 AM,-0.5,-15,L
2014/05/18,Sun,11:36 AM,4.2,128,H
2014/05/18,Sun,04:53 PM,-0.3,-9,L
2014/05/18,Sun,11:59 PM,4.7,143,H
2014/05/19,Mon,05:29 AM,-0.3,-9,L
2014/05/19,Mon,12:34 PM,4.3,131,H
2014/05/19,Mon,05:45 PM,-0.1,-3,L
2014/05/20,Tue,12:59 AM,4.6,140,H
2014/05/20,Tue,06:24 AM,-0.1,-3,L
2014/05/20,Tue,01:35 PM,4.3,131,H
2014/05/20,Tue,06:52 PM,0.2,6,L
2014/05/21,Wed,01:59 AM,4.4,134,H
2014/05/21,Wed,07:36 AM,0.0,0,L
2014/05/21,Wed,02:34 PM,4.4,134,H
2014/05/21,Wed,08:20 PM,0.4,12,L
2014/05/22,Thu,02:56 AM,4.2,128,H
2014/05/22,Thu,08:50 AM,0.1,3,L
2014/05/22,Thu,03:31 PM,4.5,137,H
2014/05/22,Thu,09:57 PM,0.4,12,L
2014/05/23,Fri,03:56 AM,4.1,125,H
2014/05/23,Fri,10:01 AM,0.1,3,L
2014/05/23,Fri,04:33 PM,4.5,137,H
2014/05/23,Fri,11:44 PM,0.2,6,L
2014/05/24,Sat,05:01 AM,4.0,122,H
2014/05/24,Sat,11:27 AM,0.1,3,L
2014/05/24,Sat,05:35 PM,4.7,143,H
2014/05/25,Sun,12:42 AM,0.1,3,L
2014/05/25,Sun,06:01 AM,4.0,122,H
2014/05/25,Sun,12:24 PM,0.1,3,L
2014/05/25,Sun,06:27 PM,4.8,146,H
2014/05/26,Mon,01:33 AM,0.0,0,L
2014/05/26,Mon,06:50 AM,4.1,125,H
2014/05/26,Mon,01:00 PM,0.2,6,L
2014/05/26,Mon,07:12 PM,4.8,146,H
2014/05/27,Tue,02:25 AM,0.1,3,L
2014/05/27,Tue,07:34 AM,4.0,122,H
2014/05/27,Tue,01:25 PM,0.3,9,L
2014/05/27,Tue,07:54 PM,4.8,146,H
2014/05/28,Wed,03:15 AM,0.1,3,L
2014/05/28,Wed,08:17 AM,4.0,122,H
2014/05/28,Wed,01:52 PM,0.4,12,L
2014/05/28,Wed,08:36 PM,4.7,143,H
2014/05/29,Thu,03:50 AM,0.2,6,L
2014/05/29,Thu,09:01 AM,3.9,119,H
2014/05/29,Thu,02:26 PM,0.4,12,L
2014/05/29,Thu,09:19 PM,4.6,140,H
2014/05/30,Fri,03:47 AM,0.3,9,L
2014/05/30,Fri,09:45 AM,3.8,116,H
2014/05/30,Fri,03:04 PM,0.4,12,L
2014/05/30,Fri,10:03 PM,4.4,134,H
2014/05/31,Sat,03:53 AM,0.3,9,L
2014/05/31,Sat,10:29 AM,3.7,113,H
2014/05/31,Sat,03:42 PM,0.4,12,L
2014/05/31,Sat,10:45 PM,4.3,131,H
2014/06/01,Sun,04:19 AM,0.3,9,L
2014/06/01,Sun,11:13 AM,3.7,113,H
2014/06/01,Sun,04:19 PM,0.5,15,L
2014/06/01,Sun,11:29 PM,4.1,125,H
2014/06/02,Mon,04:50 AM,0.3,9,L
2014/06/02,Mon,11:59 AM,3.6,110,H
2014/06/02,Mon,04:56 PM,0.5,15,L
2014/06/03,Tue,12:16 AM,3.9,119,H
2014/06/03,Tue,05:25 AM,0.4,12,L
2014/06/03,Tue,12:50 PM,3.6,110,H
2014/06/03,Tue,05:38 PM,0.6,18,L
2014/06/04,Wed,01:08 AM,3.8,116,H
2014/06/04,Wed,06:08 AM,0.4,12,L
2014/06/04,Wed,01:42 PM,3.7,113,H
2014/06/04,Wed,06:30 PM,0.8,24,L
2014/06/05,Thu,01:59 AM,3.6,110,H
2014/06/05,Thu,07:02 AM,0.5,15,L
2014/06/05,Thu,02:31 PM,3.7,113,H
2014/06/05,Thu,07:36 PM,0.9,27,L
2014/06/06,Fri,02:49 AM,3.5,107,H
2014/06/06,Fri,08:01 AM,0.5,15,L
2014/06/06,Fri,03:20 PM,3.8,116,H
2014/06/06,Fri,08:40 PM,0.8,24,L
2014/06/07,Sat,03:40 AM,3.5,107,H
2014/06/07,Sat,08:54 AM,0.5,15,L
2014/06/07,Sat,04:13 PM,4.0,122,H
2014/06/07,Sat,09:36 PM,0.7,21,L
2014/06/08,Sun,04:37 AM,3.4,104,H
2014/06/08,Sun,09:44 AM,0.4,12,L
2014/06/08,Sun,05:10 PM,4.2,128,H
2014/06/08,Sun,10:33 PM,0.6,18,L
2014/06/09,Mon,05:36 AM,3.6,110,H
2014/06/09,Mon,10:36 AM,0.3,9,L
2014/06/09,Mon,06:02 PM,4.4,134,H
2014/06/09,Mon,11:31 PM,0.4,12,L
2014/06/10,Tue,06:25 AM,3.8,116,H
2014/06/10,Tue,11:29 AM,0.1,3,L
2014/06/10,Tue,06:47 PM,4.7,143,H
2014/06/11,Wed,12:21 AM,0.2,6,L
2014/06/11,Wed,07:09 AM,4.0,122,H
2014/06/11,Wed,12:20 PM,-0.1,-3,L
2014/06/11,Wed,07:30 PM,5.0,152,H
2014/06/12,Thu,01:08 AM,-0.1,-3,L
2014/06/12,Thu,07:54 AM,4.1,125,H
2014/06/12,Thu,01:09 PM,-0.2,-6,L
2014/06/12,Thu,08:15 PM,5.1,155,H
2014/06/13,Fri,01:58 AM,-0.2,-6,L
2014/06/13,Fri,08:42 AM,4.3,131,H
2014/06/13,Fri,02:01 PM,-0.3,-9,L
2014/06/13,Fri,09:05 PM,5.2,158,H
2014/06/14,Sat,02:52 AM,-0.4,-12,L
2014/06/14,Sat,09:34 AM,4.4,134,H
2014/06/14,Sat,02:59 PM,-0.4,-12,L
2014/06/14,Sat,09:56 PM,5.1,155,H
2014/06/15,Sun,03:44 AM,-0.5,-15,L
2014/06/15,Sun,10:26 AM,4.5,137,H
2014/06/15,Sun,03:54 PM,-0.4,-12,L
2014/06/15,Sun,10:48 PM,5.1,155,H
2014/06/16,Mon,04:31 AM,-0.6,-18,L
2014/06/16,Mon,11:19 AM,4.6,140,H
2014/06/16,Mon,04:45 PM,-0.3,-9,L
2014/06/16,Mon,11:41 PM,4.9,149,H
2014/06/17,Tue,05:17 AM,-0.5,-15,L
2014/06/17,Tue,12:16 PM,4.6,140,H
2014/06/17,Tue,05:37 PM,-0.1,-3,L
2014/06/18,Wed,12:39 AM,4.6,140,H
2014/06/18,Wed,06:08 AM,-0.3,-9,L
2014/06/18,Wed,01:15 PM,4.6,140,H
2014/06/18,Wed,06:41 PM,0.2,6,L
2014/06/19,Thu,01:38 AM,4.4,134,H
2014/06/19,Thu,07:14 AM,0.0,0,L
2014/06/19,Thu,02:13 PM,4.6,140,H
2014/06/19,Thu,08:17 PM,0.4,12,L
2014/06/20,Fri,02:35 AM,4.2,128,H
2014/06/20,Fri,08:30 AM,0.1,3,L
2014/06/20,Fri,03:09 PM,4.6,140,H
2014/06/20,Fri,10:11 PM,0.4,12,L
2014/06/21,Sat,03:32 AM,4.0,122,H
2014/06/21,Sat,09:42 AM,0.2,6,L
2014/06/21,Sat,04:07 PM,4.5,137,H
2014/06/21,Sat,11:35 PM,0.3,9,L
2014/06/22,Sun,04:34 AM,3.8,116,H
2014/06/22,Sun,11:21 AM,0.3,9,L
2014/06/22,Sun,05:10 PM,4.5,137,H
2014/06/23,Mon,12:34 AM,0.2,6,L
2014/06/23,Mon,05:37 AM,3.8,116,H
2014/06/23,Mon,12:24 PM,0.3,9,L
2014/06/23,Mon,06:06 PM,4.6,140,H
2014/06/24,Tue,01:25 AM,0.2,6,L
2014/06/24,Tue,06:30 AM,3.8,116,H
2014/06/24,Tue,01:08 PM,0.4,12,L
2014/06/24,Tue,06:52 PM,4.6,140,H
2014/06/25,Wed,02:17 AM,0.2,6,L
2014/06/25,Wed,07:14 AM,3.8,116,H
2014/06/25,Wed,01:36 PM,0.5,15,L
2014/06/25,Wed,07:33 PM,4.6,140,H
2014/06/26,Thu,03:07 AM,0.3,9,L
2014/06/26,Thu,07:56 AM,3.8,116,H
2014/06/26,Thu,01:32 PM,0.6,18,L
2014/06/26,Thu,08:14 PM,4.5,137,H
2014/06/27,Fri,03:46 AM,0.4,12,L
2014/06/27,Fri,08:38 AM,3.8,116,H
2014/06/27,Fri,01:58 PM,0.6,18,L
2014/06/27,Fri,08:55 PM,4.4,134,H
2014/06/28,Sat,04:00 AM,0.4,12,L
2014/06/28,Sat,09:20 AM,3.8,116,H
2014/06/28,Sat,02:35 PM,0.6,18,L
2014/06/28,Sat,09:37 PM,4.3,131,H
2014/06/29,Sun,03:28 AM,0.4,12,L
2014/06/29,Sun,10:03 AM,3.8,116,H
2014/06/29,Sun,03:16 PM,0.5,15,L
2014/06/29,Sun,10:18 PM,4.2,128,H
2014/06/30,Mon,03:53 AM,0.3,9,L
2014/06/30,Mon,10:45 AM,3.8,116,H
2014/06/30,Mon,03:54 PM,0.5,15,L
2014/06/30,Mon,10:59 PM,4.1,125,H
2014/07/01,Tue,04:23 AM,0.2,6,L
2014/07/01,Tue,11:27 AM,3.8,116,H
2014/07/01,Tue,04:32 PM,0.4,12,L
2014/07/01,Tue,11:42 PM,4.0,122,H
2014/07/02,Wed,04:57 AM,0.2,6,L
2014/07/02,Wed,12:14 PM,3.8,116,H
2014/07/02,Wed,05:11 PM,0.5,15,L
2014/07/03,Thu,12:30 AM,3.8,116,H
2014/07/03,Thu,05:34 AM,0.2,6,L
2014/07/03,Thu,01:04 PM,3.8,116,H
2014/07/03,Thu,05:55 PM,0.6,18,L
2014/07/04,Fri,01:21 AM,3.7,113,H
2014/07/04,Fri,06:18 AM,0.3,9,L
2014/07/04,Fri,01:54 PM,3.9,119,H
2014/07/04,Fri,06:51 PM,0.7,21,L
2014/07/05,Sat,02:11 AM,3.6,110,H
2014/07/05,Sat,07:13 AM,0.3,9,L
2014/07/05,Sat,02:42 PM,4.0,122,H
2014/07/05,Sat,07:57 PM,0.7,21,L
2014/07/06,Sun,03:01 AM,3.5,107,H
2014/07/06,Sun,08:12 AM,0.3,9,L
2014/07/06,Sun,03:32 PM,4.1,125,H
2014/07/06,Sun,08:57 PM,0.7,21,L
2014/07/07,Mon,03:55 AM,3.4,104,H
2014/07/07,Mon,09:06 AM,0.3,9,L
2014/07/07,Mon,04:29 PM,4.2,128,H
2014/07/07,Mon,09:55 PM,0.6,18,L
2014/07/08,Tue,04:57 AM,3.5,107,H
2014/07/08,Tue,10:01 AM,0.2,6,L
2014/07/08,Tue,05:29 PM,4.5,137,H
2014/07/08,Tue,10:57 PM,0.4,12,L
2014/07/09,Wed,05:56 AM,3.7,113,H
2014/07/09,Wed,11:00 AM,0.0,0,L
2014/07/09,Wed,06:22 PM,4.8,146,H
2014/07/09,Wed,11:57 PM,0.2,6,L
2014/07/10,Thu,06:46 AM,4.0,122,H
2014/07/10,Thu,11:58 AM,-0.1,-3,L
2014/07/10,Thu,07:09 PM,5.0,152,H
2014/07/11,Fri,12:49 AM,-0.1,-3,L
2014/07/11,Fri,07:33 AM,4.3,131,H
2014/07/11,Fri,12:53 PM,-0.3,-9,L
2014/07/11,Fri,07:56 PM,5.2,158,H
2014/07/12,Sat,01:41 AM,-0.3,-9,L
2014/07/12,Sat,08:22 AM,4.5,137,H
2014/07/12,Sat,01:48 PM,-0.4,-12,L
2014/07/12,Sat,08:45 PM,5.3,162,H
2014/07/13,Sun,02:36 AM,-0.5,-15,L
2014/07/13,Sun,09:14 AM,4.7,143,H
2014/07/13,Sun,02:48 PM,-0.4,-12,L
2014/07/13,Sun,09:38 PM,5.2,158,H
2014/07/14,Mon,03:30 AM,-0.6,-18,L
2014/07/14,Mon,10:07 AM,4.8,146,H
2014/07/14,Mon,03:45 PM,-0.4,-12,L
2014/07/14,Mon,10:29 PM,5.1,155,H
2014/07/15,Tue,04:17 AM,-0.6,-18,L
2014/07/15,Tue,11:00 AM,4.9,149,H
2014/07/15,Tue,04:36 PM,-0.4,-12,L
2014/07/15,Tue,11:21 PM,4.9,149,H
2014/07/16,Wed,05:01 AM,-0.5,-15,L
2014/07/16,Wed,11:53 AM,4.9,149,H
2014/07/16,Wed,05:25 PM,-0.1,-3,L
2014/07/17,Thu,12:16 AM,4.7,143,H
2014/07/17,Thu,05:47 AM,-0.3,-9,L
2014/07/17,Thu,12:51 PM,4.8,146,H
2014/07/17,Thu,06:22 PM,0.2,6,L
2014/07/18,Fri,01:14 AM,4.4,134,H
2014/07/18,Fri,06:43 AM,0.0,0,L
2014/07/18,Fri,01:49 PM,4.7,143,H
2014/07/18,Fri,08:01 PM,0.5,15,L
2014/07/19,Sat,02:11 AM,4.1,125,H
2014/07/19,Sat,07:59 AM,0.2,6,L
2014/07/19,Sat,02:44 PM,4.6,140,H
2014/07/19,Sat,09:59 PM,0.5,15,L
2014/07/20,Sun,03:06 AM,3.9,119,H
2014/07/20,Sun,09:21 AM,0.4,12,L
2014/07/20,Sun,03:40 PM,4.4,134,H
2014/07/20,Sun,11:18 PM,0.5,15,L
2014/07/21,Mon,04:06 AM,3.7,113,H
2014/07/21,Mon,11:15 AM,0.5,15,L
2014/07/21,Mon,04:42 PM,4.3,131,H
2014/07/22,Tue,12:19 AM,0.4,12,L
2014/07/22,Tue,05:11 AM,3.6,110,H
2014/07/22,Tue,12:19 PM,0.5,15,L
2014/07/22,Tue,05:42 PM,4.3,131,H
2014/07/23,Wed,01:10 AM,0.4,12,L
2014/07/23,Wed,06:08 AM,3.6,110,H
2014/07/23,Wed,01:07 PM,0.6,18,L
2014/07/23,Wed,06:32 PM,4.4,134,H
2014/07/24,Thu,01:59 AM,0.4,12,L
2014/07/24,Thu,06:54 AM,3.7,113,H
2014/07/24,Thu,01:51 PM,0.6,18,L
2014/07/24,Thu,07:13 PM,4.4,134,H
2014/07/25,Fri,02:47 AM,0.4,12,L
2014/07/25,Fri,07:34 AM,3.8,116,H
2014/07/25,Fri,02:26 PM,0.7,21,L
2014/07/25,Fri,07:52 PM,4.4,134,H
2014/07/26,Sat,03:27 AM,0.5,15,L
2014/07/26,Sat,08:14 AM,3.8,116,H
2014/07/26,Sat,01:40 PM,0.7,21,L
2014/07/26,Sat,08:31 PM,4.4,134,H
2014/07/27,Sun,03:46 AM,0.5,15,L
2014/07/27,Sun,08:54 AM,3.9,119,H
2014/07/27,Sun,02:11 PM,0.6,18,L
2014/07/27,Sun,09:11 PM,4.3,131,H
2014/07/28,Mon,02:53 AM,0.5,15,L
2014/07/28,Mon,09:35 AM,3.9,119,H
2014/07/28,Mon,02:50 PM,0.5,15,L
2014/07/28,Mon,09:51 PM,4.2,128,H
2014/07/29,Tue,03:22 AM,0.3,9,L
2014/07/29,Tue,10:15 AM,4.0,122,H
2014/07/29,Tue,03:30 PM,0.4,12,L
2014/07/29,Tue,10:31 PM,4.1,125,H
2014/07/30,Wed,03:54 AM,0.2,6,L
2014/07/30,Wed,10:56 AM,4.0,122,H
2014/07/30,Wed,04:08 PM,0.3,9,L
2014/07/30,Wed,11:11 PM,4.0,122,H
2014/07/31,Thu,04:28 AM,0.1,3,L
2014/07/31,Thu,11:38 AM,4.0,122,H
2014/07/31,Thu,04:46 PM,0.3,9,L
2014/07/31,Thu,11:54 PM,3.9,119,H
2014/08/01,Fri,05:03 AM,0.0,0,L
2014/08/01,Fri,12:24 PM,4.0,122,H
2014/08/01,Fri,05:27 PM,0.4,12,L
2014/08/02,Sat,12:43 AM,3.7,113,H
2014/08/02,Sat,05:43 AM,0.1,3,L
2014/08/02,Sat,01:15 PM,4.1,125,H
2014/08/02,Sat,06:15 PM,0.5,15,L
2014/08/03,Sun,01:36 AM,3.6,110,H
2014/08/03,Sun,06:32 AM,0.2,6,L
2014/08/03,Sun,02:07 PM,4.1,125,H
2014/08/03,Sun,07:16 PM,0.6,18,L
2014/08/04,Mon,02:28 AM,3.5,107,H
2014/08/04,Mon,07:33 AM,0.3,9,L
2014/08/04,Mon,02:59 PM,4.2,128,H
2014/08/04,Mon,08:23 PM,0.6,18,L
2014/08/05,Tue,03:22 AM,3.5,107,H
2014/08/05,Tue,08:35 AM,0.3,9,L
2014/08/05,Tue,03:55 PM,4.3,131,H
2014/08/05,Tue,09:25 PM,0.5,15,L
2014/08/06,Wed,04:23 AM,3.6,110,H
2014/08/06,Wed,09:35 AM,0.2,6,L
2014/08/06,Wed,04:59 PM,4.5,137,H
2014/08/06,Wed,10:29 PM,0.4,12,L
2014/08/07,Thu,05:29 AM,3.8,116,H
2014/08/07,Thu,10:39 AM,0.1,3,L
2014/08/07,Thu,05:59 PM,4.8,146,H
2014/08/07,Thu,11:35 PM,0.2,6,L
2014/08/08,Fri,06:25 AM,4.2,128,H
2014/08/08,Fri,11:44 AM,-0.1,-3,L
2014/08/08,Fri,06:50 PM,5.0,152,H
2014/08/09,Sat,12:32 AM,-0.1,-3,L
2014/08/09,Sat,07:14 AM,4.6,140,H
2014/08/09,Sat,12:42 PM,-0.3,-9,L
2014/08/09,Sat,07:38 PM,5.2,158,H
2014/08/10,Sun,01:24 AM,-0.3,-9,L
2014/08/10,Sun,08:03 AM,4.8,146,H
2014/08/10,Sun,01:38 PM,-0.4,-12,L
2014/08/10,Sun,08:26 PM,5.3,162,H
2014/08/11,Mon,02:17 AM,-0.5,-15,L
2014/08/11,Mon,08:54 AM,5.0,152,H
2014/08/11,Mon,02:38 PM,-0.5,-15,L
2014/08/11,Mon,09:18 PM,5.2,158,H
2014/08/12,Tue,03:11 AM,-0.6,-18,L
2014/08/12,Tue,09:46 AM,5.1,155,H
2014/08/12,Tue,03:35 PM,-0.5,-15,L
2014/08/12,Tue,10:09 PM,5.1,155,H
2014/08/13,Wed,03:59 AM,-0.6,-18,L
2014/08/13,Wed,10:37 AM,5.2,158,H
2014/08/13,Wed,04:24 PM,-0.4,-12,L
2014/08/13,Wed,10:59 PM,4.9,149,H
2014/08/14,Thu,04:41 AM,-0.5,-15,L
2014/08/14,Thu,11:28 AM,5.1,155,H
2014/08/14,Thu,05:09 PM,-0.1,-3,L
2014/08/14,Thu,11:51 PM,4.6,140,H
2014/08/15,Fri,05:22 AM,-0.2,-6,L
2014/08/15,Fri,12:23 PM,4.9,149,H
2014/08/15,Fri,05:57 PM,0.2,6,L
2014/08/16,Sat,12:47 AM,4.3,131,H
2014/08/16,Sat,06:08 AM,0.1,3,L
2014/08/16,Sat,01:20 PM,4.7,143,H
2014/08/16,Sat,07:07 PM,0.6,18,L
2014/08/17,Sun,01:45 AM,4.0,122,H
2014/08/17,Sun,07:10 AM,0.4,12,L
2014/08/17,Sun,02:16 PM,4.5,137,H
2014/08/17,Sun,09:38 PM,0.7,21,L
2014/08/18,Mon,02:40 AM,3.8,116,H
2014/08/18,Mon,08:49 AM,0.7,21,L
2014/08/18,Mon,03:11 PM,4.3,131,H
2014/08/18,Mon,10:55 PM,0.7,21,L
2014/08/19,Tue,03:37 AM,3.6,110,H
2014/08/19,Tue,11:01 AM,0.7,21,L
2014/08/19,Tue,04:10 PM,4.1,125,H
2014/08/19,Tue,11:58 PM,0.6,18,L
2014/08/20,Wed,04:40 AM,3.5,107,H
2014/08/20,Wed,12:06 PM,0.7,21,L
2014/08/20,Wed,05:13 PM,4.1,125,H
2014/08/21,Thu,12:48 AM,0.5,15,L
2014/08/21,Thu,05:42 AM,3.6,110,H
2014/08/21,Thu,12:54 PM,0.7,21,L
2014/08/21,Thu,06:07 PM,4.2,128,H
2014/08/22,Fri,01:33 AM,0.5,15,L
2014/08/22,Fri,06:31 AM,3.8,116,H
2014/08/22,Fri,01:37 PM,0.7,21,L
2014/08/22,Fri,06:51 PM,4.3,131,H
2014/08/23,Sat,02:16 AM,0.5,15,L
2014/08/23,Sat,07:11 AM,3.9,119,H
2014/08/23,Sat,02:13 PM,0.7,21,L
2014/08/23,Sat,07:29 PM,4.3,131,H
2014/08/24,Sun,02:52 AM,0.6,18,L
2014/08/24,Sun,07:49 AM,4.0,122,H
2014/08/24,Sun,01:27 PM,0.7,21,L
2014/08/24,Sun,08:06 PM,4.3,131,H
2014/08/25,Mon,01:55 AM,0.6,18,L
2014/08/25,Mon,08:26 AM,4.1,125,H
2014/08/25,Mon,01:50 PM,0.6,18,L
2014/08/25,Mon,08:44 PM,4.3,131,H
2014/08/26,Tue,02:13 AM,0.5,15,L
2014/08/26,Tue,09:05 AM,4.2,128,H
2014/08/26,Tue,02:25 PM,0.5,15,L
2014/08/26,Tue,09:23 PM,4.2,128,H
2014/08/27,Wed,02:45 AM,0.3,9,L
2014/08/27,Wed,09:44 AM,4.2,128,H
2014/08/27,Wed,03:05 PM,0.3,9,L
2014/08/27,Wed,10:02 PM,4.1,125,H
2014/08/28,Thu,03:22 AM,0.2,6,L
2014/08/28,Thu,10:24 AM,4.3,131,H
2014/08/28,Thu,03:44 PM,0.2,6,L
2014/08/28,Thu,10:42 PM,4.0,122,H
2014/08/29,Fri,03:58 AM,0.0,0,L
2014/08/29,Fri,11:04 AM,4.3,131,H
2014/08/29,Fri,04:22 PM,0.2,6,L
2014/08/29,Fri,11:23 PM,3.9,119,H
2014/08/30,Sat,04:35 AM,0.0,0,L
2014/08/30,Sat,11:49 AM,4.3,131,H
2014/08/30,Sat,05:02 PM,0.2,6,L
2014/08/31,Sun,12:10 AM,3.8,116,H
2014/08/31,Sun,05:15 AM,0.0,0,L
2014/08/31,Sun,12:40 PM,4.2,128,H
2014/08/31,Sun,05:47 PM,0.3,9,L
2014/09/01,Mon,01:05 AM,3.7,113,H
2014/09/01,Mon,06:01 AM,0.1,3,L
2014/09/01,Mon,01:35 PM,4.2,128,H
2014/09/01,Mon,06:44 PM,0.5,15,L
2014/09/02,Tue,02:01 AM,3.7,113,H
2014/09/02,Tue,07:01 AM,0.3,9,L
2014/09/02,Tue,02:31 PM,4.3,131,H
2014/09/02,Tue,07:53 PM,0.5,15,L
2014/09/03,Wed,02:57 AM,3.7,113,H
2014/09/03,Wed,08:10 AM,0.3,9,L
2014/09/03,Wed,03:28 PM,4.3,131,H
2014/09/03,Wed,09:01 PM,0.5,15,L
2014/09/04,Thu,03:58 AM,3.8,116,H
2014/09/04,Thu,09:17 AM,0.3,9,L
2014/09/04,Thu,04:32 PM,4.5,137,H
2014/09/04,Thu,10:07 PM,0.4,12,L
2014/09/05,Fri,05:05 AM,4.1,125,H
2014/09/05,Fri,10:25 AM,0.2,6,L
2014/09/05,Fri,05:37 PM,4.7,143,H
2014/09/05,Fri,11:16 PM,0.2,6,L
2014/09/06,Sat,06:05 AM,4.5,137,H
2014/09/06,Sat,11:36 AM,0.0,0,L
2014/09/06,Sat,06:31 PM,4.9,149,H
2014/09/07,Sun,12:16 AM,-0.1,-3,L
2014/09/07,Sun,06:56 AM,4.9,149,H
2014/09/07,Sun,12:37 PM,-0.2,-6,L
2014/09/07,Sun,07:20 PM,5.1,155,H
2014/09/08,Mon,01:06 AM,-0.3,-9,L
2014/09/08,Mon,07:44 AM,5.1,155,H
2014/09/08,Mon,01:31 PM,-0.4,-12,L
2014/09/08,Mon,08:07 PM,5.2,158,H
2014/09/09,Tue,01:56 AM,-0.4,-12,L
2014/09/09,Tue,08:32 AM,5.3,162,H
2014/09/09,Tue,02:28 PM,-0.4,-12,L
2014/09/09,Tue,08:57 PM,5.1,155,H
2014/09/10,Wed,02:47 AM,-0.5,-15,L
2014/09/10,Wed,09:23 AM,5.3,162,H
2014/09/10,Wed,03:23 PM,-0.4,-12,L
2014/09/10,Wed,09:47 PM,5.0,152,H
2014/09/11,Thu,03:35 AM,-0.4,-12,L
2014/09/11,Thu,10:13 AM,5.3,162,H
2014/09/11,Thu,04:09 PM,-0.3,-9,L
2014/09/11,Thu,10:36 PM,4.7,143,H
2014/09/12,Fri,04:16 AM,-0.3,-9,L
2014/09/12,Fri,11:02 AM,5.1,155,H
2014/09/12,Fri,04:49 PM,-0.1,-3,L
2014/09/12,Fri,11:26 PM,4.5,137,H
2014/09/13,Sat,04:54 AM,-0.1,-3,L
2014/09/13,Sat,11:53 AM,4.8,146,H
2014/09/13,Sat,05:28 PM,0.2,6,L
2014/09/14,Sun,12:19 AM,4.2,128,H
2014/09/14,Sun,05:34 AM,0.3,9,L
2014/09/14,Sun,12:48 PM,4.5,137,H
2014/09/14,Sun,06:16 PM,0.6,18,L
2014/09/15,Mon,01:16 AM,3.9,119,H
2014/09/15,Mon,06:21 AM,0.6,18,L
2014/09/15,Mon,01:45 PM,4.3,131,H
2014/09/15,Mon,09:10 PM,0.9,27,L
2014/09/16,Tue,02:13 AM,3.7,113,H
2014/09/16,Tue,07:35 AM,0.9,27,L
2014/09/16,Tue,02:40 PM,4.1,125,H
2014/09/16,Tue,10:25 PM,0.9,27,L
2014/09/17,Wed,03:07 AM,3.6,110,H
2014/09/17,Wed,10:39 AM,1.0,30,L
2014/09/17,Wed,03:35 PM,3.9,119,H
2014/09/17,Wed,11:29 PM,0.8,24,L
2014/09/18,Thu,04:06 AM,3.5,107,H
2014/09/18,Thu,11:45 AM,0.9,27,L
2014/09/18,Thu,04:36 PM,3.9,119,H
2014/09/19,Fri,12:19 AM,0.7,21,L
2014/09/19,Fri,05:09 AM,3.6,110,H
2014/09/19,Fri,12:33 PM,0.8,24,L
2014/09/19,Fri,05:36 PM,3.9,119,H
2014/09/20,Sat,01:01 AM,0.6,18,L
2014/09/20,Sat,06:02 AM,3.8,116,H
2014/09/20,Sat,01:13 PM,0.7,21,L
2014/09/20,Sat,06:23 PM,4.1,125,H
2014/09/21,Sun,01:35 AM,0.7,21,L
2014/09/21,Sun,06:44 AM,4.0,122,H
2014/09/21,Sun,01:44 PM,0.7,21,L
2014/09/21,Sun,07:03 PM,4.2,128,H
2014/09/22,Mon,01:37 AM,0.7,21,L
2014/09/22,Mon,07:22 AM,4.2,128,H
2014/09/22,Mon,01:08 PM,0.7,21,L
2014/09/22,Mon,07:39 PM,4.2,128,H
2014/09/23,Tue,01:10 AM,0.6,18,L
2014/09/23,Tue,07:57 AM,4.3,131,H
2014/09/23,Tue,01:27 PM,0.5,15,L
2014/09/23,Tue,08:16 PM,4.2,128,H
2014/09/24,Wed,01:35 AM,0.4,12,L
2014/09/24,Wed,08:34 AM,4.4,134,H
2014/09/24,Wed,02:00 PM,0.4,12,L
2014/09/24,Wed,08:54 PM,4.2,128,H
2014/09/25,Thu,02:09 AM,0.3,9,L
2014/09/25,Thu,09:13 AM,4.5,137,H
2014/09/25,Thu,02:39 PM,0.2,6,L
2014/09/25,Thu,09:34 PM,4.1,125,H
2014/09/26,Fri,02:48 AM,0.1,3,L
2014/09/26,Fri,09:53 AM,4.5,137,H
2014/09/26,Fri,03:20 PM,0.1,3,L
2014/09/26,Fri,10:15 PM,4.0,122,H
2014/09/27,Sat,03:29 AM,0.0,0,L
2014/09/27,Sat,10:35 AM,4.5,137,H
2014/09/27,Sat,04:01 PM,0.0,0,L
2014/09/27,Sat,10:57 PM,4.0,122,H
2014/09/28,Sun,04:10 AM,-0.1,-3,L
2014/09/28,Sun,11:19 AM,4.5,137,H
2014/09/28,Sun,04:42 PM,0.0,0,L
2014/09/28,Sun,11:45 PM,3.9,119,H
2014/09/29,Mon,04:52 AM,-0.1,-3,L
2014/09/29,Mon,12:10 PM,4.4,134,H
2014/09/29,Mon,05:26 PM,0.1,3,L
2014/09/30,Tue,12:40 AM,3.8,116,H
2014/09/30,Tue,05:39 AM,0.1,3,L
2014/09/30,Tue,01:08 PM,4.3,131,H
2014/09/30,Tue,06:20 PM,0.3,9,L
2014/10/01,Wed,01:40 AM,3.8,116,H
2014/10/01,Wed,06:38 AM,0.3,9,L
2014/10/01,Wed,02:08 PM,4.3,131,H
2014/10/01,Wed,07:29 PM,0.4,12,L
2014/10/02,Thu,02:38 AM,3.9,119,H
2014/10/02,Thu,07:52 AM,0.4,12,L
2014/10/02,Thu,03:06 PM,4.3,131,H
2014/10/02,Thu,08:41 PM,0.4,12,L
2014/10/03,Fri,03:38 AM,4.0,122,H
2014/10/03,Fri,09:06 AM,0.4,12,L
2014/10/03,Fri,04:08 PM,4.4,134,H
2014/10/03,Fri,09:48 PM,0.3,9,L
2014/10/04,Sat,04:44 AM,4.3,131,H
2014/10/04,Sat,10:19 AM,0.2,6,L
2014/10/04,Sat,05:14 PM,4.5,137,H
2014/10/04,Sat,10:58 PM,0.1,3,L
2014/10/05,Sun,05:46 AM,4.7,143,H
2014/10/05,Sun,11:36 AM,0.0,0,L
2014/10/05,Sun,06:12 PM,4.7,143,H
2014/10/06,Mon,12:00 AM,-0.1,-3,L
2014/10/06,Mon,06:38 AM,5.0,152,H
2014/10/06,Mon,12:37 PM,-0.2,-6,L
2014/10/06,Mon,07:02 PM,4.9,149,H
2014/10/07,Tue,12:49 AM,-0.2,-6,L
2014/10/07,Tue,07:25 AM,5.3,162,H
2014/10/07,Tue,01:28 PM,-0.3,-9,L
2014/10/07,Tue,07:48 PM,4.9,149,H
2014/10/08,Wed,01:34 AM,-0.3,-9,L
2014/10/08,Wed,08:11 AM,5.4,165,H
2014/10/08,Wed,02:20 PM,-0.3,-9,L
2014/10/08,Wed,08:35 PM,4.8,146,H
2014/10/09,Thu,02:20 AM,-0.3,-9,L
2014/10/09,Thu,08:59 AM,5.3,162,H
2014/10/09,Thu,03:12 PM,-0.3,-9,L
2014/10/09,Thu,09:24 PM,4.7,143,H
2014/10/10,Fri,03:07 AM,-0.2,-6,L
2014/10/10,Fri,09:47 AM,5.2,158,H
2014/10/10,Fri,03:54 PM,-0.2,-6,L
2014/10/10,Fri,10:13 PM,4.5,137,H
2014/10/11,Sat,03:49 AM,-0.1,-3,L
2014/10/11,Sat,10:35 AM,5.0,152,H
2014/10/11,Sat,04:28 PM,0.0,0,L
2014/10/11,Sat,11:00 PM,4.2,128,H
2014/10/12,Sun,04:26 AM,0.1,3,L
2014/10/12,Sun,11:23 AM,4.7,143,H
2014/10/12,Sun,05:01 PM,0.2,6,L
2014/10/12,Sun,11:50 PM,4.0,122,H
2014/10/13,Mon,05:02 AM,0.4,12,L
2014/10/13,Mon,12:15 PM,4.4,134,H
2014/10/13,Mon,05:38 PM,0.5,15,L
2014/10/14,Tue,12:45 AM,3.8,116,H
2014/10/14,Tue,05:42 AM,0.7,21,L
2014/10/14,Tue,01:11 PM,4.1,125,H
2014/10/14,Tue,06:25 PM,0.8,24,L
2014/10/15,Wed,01:42 AM,3.6,110,H
2014/10/15,Wed,06:35 AM,1.0,30,L
2014/10/15,Wed,02:06 PM,3.9,119,H
2014/10/15,Wed,09:42 PM,1.0,30,L
2014/10/16,Thu,02:36 AM,3.6,110,H
2014/10/16,Thu,08:00 AM,1.1,34,L
2014/10/16,Thu,02:59 PM,3.8,116,H
2014/10/16,Thu,10:47 PM,0.9,27,L
2014/10/17,Fri,03:30 AM,3.6,110,H
2014/10/17,Fri,11:13 AM,1.0,30,L
2014/10/17,Fri,03:54 PM,3.7,113,H
2014/10/17,Fri,11:40 PM,0.8,24,L
2014/10/18,Sat,04:28 AM,3.7,113,H
2014/10/18,Sat,12:05 PM,0.9,27,L
2014/10/18,Sat,04:54 PM,3.7,113,H
2014/10/19,Sun,12:20 AM,0.8,24,L
2014/10/19,Sun,05:26 AM,3.8,116,H
2014/10/19,Sun,12:44 PM,0.8,24,L
2014/10/19,Sun,05:49 PM,3.8,116,H
2014/10/20,Mon,12:40 AM,0.7,21,L
2014/10/20,Mon,06:13 AM,4.1,125,H
2014/10/20,Mon,01:08 PM,0.7,21,L
2014/10/20,Mon,06:33 PM,3.9,119,H
2014/10/21,Tue,12:04 AM,0.6,18,L
2014/10/21,Tue,06:52 AM,4.3,131,H
2014/10/21,Tue,12:39 PM,0.6,18,L
2014/10/21,Tue,07:11 PM,4.0,122,H
2014/10/22,Wed,12:29 AM,0.5,15,L
2014/10/22,Wed,07:28 AM,4.5,137,H
2014/10/22,Wed,01:02 PM,0.4,12,L
2014/10/22,Wed,07:47 PM,4.0,122,H
2014/10/23,Thu,01:00 AM,0.3,9,L
2014/10/23,Thu,08:05 AM,4.6,140,H
2014/10/23,Thu,01:35 PM,0.2,6,L
2014/10/23,Thu,08:26 PM,4.0,122,H
2014/10/24,Fri,01:36 AM,0.1,3,L
2014/10/24,Fri,08:44 AM,4.6,140,H
2014/10/24,Fri,02:15 PM,0.1,3,L
2014/10/24,Fri,09:07 PM,4.0,122,H
2014/10/25,Sat,02:18 AM,0.0,0,L
2014/10/25,Sat,09:26 AM,4.7,143,H
2014/10/25,Sat,02:59 PM,-0.1,-3,L
2014/10/25,Sat,09:50 PM,4.0,122,H
2014/10/26,Sun,03:04 AM,-0.1,-3,L
2014/10/26,Sun,10:10 AM,4.7,143,H
2014/10/26,Sun,03:43 PM,-0.2,-6,L
2014/10/26,Sun,10:36 PM,4.0,122,H
2014/10/27,Mon,03:50 AM,-0.2,-6,L
2014/10/27,Mon,10:57 AM,4.6,140,H
2014/10/27,Mon,04:27 PM,-0.2,-6,L
2014/10/27,Mon,11:25 PM,3.9,119,H
2014/10/28,Tue,04:36 AM,-0.2,-6,L
2014/10/28,Tue,11:48 AM,4.5,137,H
2014/10/28,Tue,05:11 PM,-0.1,-3,L
2014/10/29,Wed,12:20 AM,3.9,119,H
2014/10/29,Wed,05:24 AM,0.0,0,L
2014/10/29,Wed,12:46 PM,4.4,134,H
2014/10/29,Wed,06:03 PM,0.0,0,L
2014/10/30,Thu,01:21 AM,4.0,122,H
2014/10/30,Thu,06:22 AM,0.2,6,L
2014/10/30,Thu,01:47 PM,4.3,131,H
2014/10/30,Thu,07:09 PM,0.2,6,L
2014/10/31,Fri,02:21 AM,4.1,125,H
2014/10/31,Fri,07:40 AM,0.4,12,L
2014/10/31,Fri,02:46 PM,4.3,131,H
2014/10/31,Fri,08:23 PM,0.2,6,L
2014/11/01,Sat,03:20 AM,4.3,131,H
2014/11/01,Sat,08:59 AM,0.4,12,L
2014/11/01,Sat,03:46 PM,4.2,128,H
2014/11/01,Sat,09:31 PM,0.1,3,L
2014/11/02,Sun,03:22 AM,4.4,134,H
2014/11/02,Sun,09:19 AM,0.3,9,L
2014/11/02,Sun,03:51 PM,4.2,128,H
2014/11/02,Sun,09:39 PM,0.0,0,L
2014/11/03,Mon,04:25 AM,4.7,143,H
2014/11/03,Mon,10:51 AM,0.1,3,L
2014/11/03,Mon,04:52 PM,4.3,131,H
2014/11/03,Mon,10:44 PM,-0.1,-3,L
2014/11/04,Tue,05:20 AM,5.0,152,H
2014/11/04,Tue,11:49 AM,-0.1,-3,L
2014/11/04,Tue,05:44 PM,4.5,137,H
2014/11/04,Tue,11:33 PM,-0.2,-6,L
2014/11/05,Wed,06:07 AM,5.2,158,H
2014/11/05,Wed,12:36 PM,-0.2,-6,L
2014/11/05,Wed,06:30 PM,4.5,137,H
2014/11/06,Thu,12:15 AM,-0.2,-6,L
2014/11/06,Thu,06:51 AM,5.2,158,H
2014/11/06,Thu,01:26 PM,-0.2,-6,L
2014/11/06,Thu,07:15 PM,4.4,134,H
2014/11/07,Fri,12:56 AM,-0.1,-3,L
2014/11/07,Fri,07:37 AM,5.1,155,H
2014/11/07,Fri,02:13 PM,-0.1,-3,L
2014/11/07,Fri,08:02 PM,4.3,131,H
2014/11/08,Sat,01:39 AM,0.0,0,L
2014/11/08,Sat,08:23 AM,4.9,149,H
2014/11/08,Sat,02:44 PM,-0.1,-3,L
2014/11/08,Sat,08:49 PM,4.1,125,H
2014/11/09,Sun,02:21 AM,0.1,3,L
2014/11/09,Sun,09:09 AM,4.7,143,H
2014/11/09,Sun,03:09 PM,0.1,3,L
2014/11/09,Sun,09:36 PM,4.0,122,H
2014/11/10,Mon,02:58 AM,0.2,6,L
2014/11/10,Mon,09:55 AM,4.5,137,H
2014/11/10,Mon,03:36 PM,0.2,6,L
2014/11/10,Mon,10:22 PM,3.8,116,H
2014/11/11,Tue,03:34 AM,0.4,12,L
2014/11/11,Tue,10:42 AM,4.2,128,H
2014/11/11,Tue,04:07 PM,0.3,9,L
2014/11/11,Tue,11:13 PM,3.6,110,H
2014/11/12,Wed,04:11 AM,0.5,15,L
2014/11/12,Wed,11:33 AM,3.9,119,H
2014/11/12,Wed,04:44 PM,0.5,15,L
2014/11/13,Thu,12:08 AM,3.6,110,H
2014/11/13,Thu,04:54 AM,0.8,24,L
2014/11/13,Thu,12:28 PM,3.7,113,H
2014/11/13,Thu,05:32 PM,0.7,21,L
2014/11/14,Fri,01:02 AM,3.5,107,H
2014/11/14,Fri,05:54 AM,1.0,30,L
2014/11/14,Fri,01:21 PM,3.6,110,H
2014/11/14,Fri,06:39 PM,0.8,24,L
2014/11/15,Sat,01:53 AM,3.6,110,H
2014/11/15,Sat,07:14 AM,1.0,30,L
2014/11/15,Sat,02:12 PM,3.5,107,H
2014/11/15,Sat,07:41 PM,0.8,24,L
2014/11/16,Sun,02:44 AM,3.6,110,H
2014/11/16,Sun,08:21 AM,1.0,30,L
2014/11/16,Sun,03:06 PM,3.4,104,H
2014/11/16,Sun,08:31 PM,0.7,21,L
2014/11/17,Mon,03:41 AM,3.8,116,H
2014/11/17,Mon,11:06 AM,0.8,24,L
2014/11/17,Mon,04:05 PM,3.4,104,H
2014/11/17,Mon,09:18 PM,0.6,18,L
2014/11/18,Tue,04:35 AM,4.0,122,H
2014/11/18,Tue,10:25 AM,0.7,21,L
2014/11/18,Tue,04:58 PM,3.5,107,H
2014/11/18,Tue,10:05 PM,0.5,15,L
2014/11/19,Wed,05:20 AM,4.2,128,H
2014/11/19,Wed,11:00 AM,0.5,15,L
2014/11/19,Wed,05:41 PM,3.7,113,H
2014/11/19,Wed,10:48 PM,0.3,9,L
2014/11/20,Thu,06:00 AM,4.4,134,H
2014/11/20,Thu,11:34 AM,0.3,9,L
2014/11/20,Thu,06:20 PM,3.8,116,H
2014/11/20,Thu,11:28 PM,0.1,3,L
2014/11/21,Fri,06:38 AM,4.6,140,H
2014/11/21,Fri,12:11 PM,0.1,3,L
2014/11/21,Fri,06:59 PM,3.9,119,H
2014/11/22,Sat,12:09 AM,-0.1,-3,L
2014/11/22,Sat,07:18 AM,4.7,143,H
2014/11/22,Sat,12:53 PM,-0.1,-3,L
2014/11/22,Sat,07:42 PM,3.9,119,H
2014/11/23,Sun,12:54 AM,-0.2,-6,L
2014/11/23,Sun,08:02 AM,4.8,146,H
2014/11/23,Sun,01:40 PM,-0.3,-9,L
2014/11/23,Sun,08:29 PM,4.0,122,H
2014/11/24,Mon,01:44 AM,-0.3,-9,L
2014/11/24,Mon,08:49 AM,4.8,146,H
2014/11/24,Mon,02:29 PM,-0.4,-12,L
2014/11/24,Mon,09:17 PM,4.0,122,H
2014/11/25,Tue,02:35 AM,-0.4,-12,L
2014/11/25,Tue,09:38 AM,4.7,143,H
2014/11/25,Tue,03:15 PM,-0.5,-15,L
2014/11/25,Tue,10:08 PM,4.1,125,H
2014/11/26,Wed,03:25 AM,-0.4,-12,L
2014/11/26,Wed,10:29 AM,4.6,140,H
2014/11/26,Wed,04:00 PM,-0.5,-15,L
2014/11/26,Wed,11:02 PM,4.1,125,H
2014/11/27,Thu,04:14 AM,-0.2,-6,L
2014/11/27,Thu,11:25 AM,4.4,134,H
2014/11/27,Thu,04:49 PM,-0.4,-12,L
2014/11/28,Fri,12:03 AM,4.2,128,H
2014/11/28,Fri,05:11 AM,0.0,0,L
2014/11/28,Fri,12:26 PM,4.3,131,H
2014/11/28,Fri,05:49 PM,-0.2,-6,L
2014/11/29,Sat,01:03 AM,4.3,131,H
2014/11/29,Sat,06:28 AM,0.2,6,L
2014/11/29,Sat,01:25 PM,4.1,125,H
2014/11/29,Sat,07:03 PM,-0.1,-3,L
2014/11/30,Sun,02:00 AM,4.4,134,H
2014/11/30,Sun,07:54 AM,0.3,9,L
2014/11/30,Sun,02:23 PM,4.0,122,H
2014/11/30,Sun,08:12 PM,-0.1,-3,L
2014/12/01,Mon,02:59 AM,4.4,134,H
2014/12/01,Mon,09:39 AM,0.2,6,L
2014/12/01,Mon,03:26 PM,3.9,119,H
2014/12/01,Mon,09:20 PM,0.0,0,L
2014/12/02,Tue,04:03 AM,4.6,140,H
2014/12/02,Tue,11:07 AM,0.0,0,L
2014/12/02,Tue,04:31 PM,3.9,119,H
2014/12/02,Tue,10:36 PM,-0.1,-3,L
2014/12/03,Wed,05:01 AM,4.7,143,H
2014/12/03,Wed,12:01 PM,-0.1,-3,L
2014/12/03,Wed,05:26 PM,4.0,122,H
2014/12/03,Wed,11:28 PM,-0.1,-3,L
2014/12/04,Thu,05:49 AM,4.8,146,H
2014/12/04,Thu,12:52 PM,-0.2,-6,L
2014/12/04,Thu,06:13 PM,4.0,122,H
2014/12/05,Fri,12:06 AM,0.0,0,L
2014/12/05,Fri,06:33 AM,4.8,146,H
2014/12/05,Fri,01:44 PM,-0.2,-6,L
2014/12/05,Fri,06:57 PM,4.0,122,H
2014/12/06,Sat,12:39 AM,0.0,0,L
2014/12/06,Sat,07:17 AM,4.7,143,H
2014/12/06,Sat,02:30 PM,-0.1,-3,L
2014/12/06,Sat,07:41 PM,3.9,119,H
2014/12/07,Sun,01:16 AM,0.1,3,L
2014/12/07,Sun,08:01 AM,4.6,140,H
2014/12/07,Sun,02:54 PM,0.0,0,L
2014/12/07,Sun,08:27 PM,3.8,116,H
2014/12/08,Mon,01:54 AM,0.2,6,L
2014/12/08,Mon,08:45 AM,4.4,134,H
2014/12/08,Mon,02:53 PM,0.0,0,L
2014/12/08,Mon,09:12 PM,3.7,113,H
2014/12/09,Tue,02:32 AM,0.2,6,L
2014/12/09,Tue,09:28 AM,4.2,128,H
2014/12/09,Tue,03:12 PM,0.1,3,L
2014/12/09,Tue,09:55 PM,3.6,110,H
2014/12/10,Wed,03:08 AM,0.2,6,L
2014/12/10,Wed,10:11 AM,4.0,122,H
2014/12/10,Wed,03:40 PM,0.1,3,L
2014/12/10,Wed,10:41 PM,3.6,110,H
2014/12/11,Thu,03:44 AM,0.3,9,L
2014/12/11,Thu,10:57 AM,3.8,116,H
2014/12/11,Thu,04:12 PM,0.1,3,L
2014/12/11,Thu,11:31 PM,3.5,107,H
2014/12/12,Fri,04:23 AM,0.4,12,L
2014/12/12,Fri,11:48 AM,3.6,110,H
2014/12/12,Fri,04:50 PM,0.2,6,L
2014/12/13,Sat,12:23 AM,3.5,107,H
2014/12/13,Sat,05:10 AM,0.6,18,L
2014/12/13,Sat,12:41 PM,3.4,104,H
2014/12/13,Sat,05:39 PM,0.3,9,L
2014/12/14,Sun,01:14 AM,3.5,107,H
2014/12/14,Sun,06:12 AM,0.7,21,L
2014/12/14,Sun,01:31 PM,3.3,101,H
2014/12/14,Sun,06:38 PM,0.4,12,L
2014/12/15,Mon,02:02 AM,3.6,110,H
2014/12/15,Mon,07:21 AM,0.8,24,L
2014/12/15,Mon,02:21 PM,3.2,98,H
2014/12/15,Mon,07:35 PM,0.4,12,L
2014/12/16,Tue,02:54 AM,3.7,113,H
2014/12/16,Tue,08:19 AM,0.7,21,L
2014/12/16,Tue,03:17 PM,3.1,94,H
2014/12/16,Tue,08:25 PM,0.3,9,L
2014/12/17,Wed,03:51 AM,3.8,116,H
2014/12/17,Wed,09:16 AM,0.6,18,L
2014/12/17,Wed,04:17 PM,3.2,98,H
2014/12/17,Wed,09:16 PM,0.2,6,L
2014/12/18,Thu,04:45 AM,4.0,122,H
2014/12/18,Thu,10:14 AM,0.4,12,L
2014/12/18,Thu,05:09 PM,3.3,101,H
2014/12/18,Thu,10:09 PM,0.1,3,L
2014/12/19,Fri,05:31 AM,4.3,131,H
2014/12/19,Fri,11:04 AM,0.1,3,L
2014/12/19,Fri,05:53 PM,3.5,107,H
2014/12/19,Fri,10:59 PM,-0.1,-3,L
2014/12/20,Sat,06:13 AM,4.5,137,H
2014/12/20,Sat,11:49 AM,-0.1,-3,L
2014/12/20,Sat,06:36 PM,3.7,113,H
2014/12/20,Sat,11:47 PM,-0.3,-9,L
2014/12/21,Sun,06:56 AM,4.7,143,H
2014/12/21,Sun,12:34 PM,-0.3,-9,L
2014/12/21,Sun,07:20 PM,3.9,119,H
2014/12/22,Mon,12:36 AM,-0.5,-15,L
2014/12/22,Mon,07:41 AM,4.8,146,H
2014/12/22,Mon,01:24 PM,-0.5,-15,L
2014/12/22,Mon,08:09 PM,4.0,122,H
2014/12/23,Tue,01:29 AM,-0.6,-18,L
2014/12/23,Tue,08:30 AM,4.8,146,H
2014/12/23,Tue,02:15 PM,-0.7,-21,L
2014/12/23,Tue,08:59 PM,4.2,128,H
2014/12/24,Wed,02:25 AM,-0.6,-18,L
2014/12/24,Wed,09:20 AM,4.8,146,H
2014/12/24,Wed,03:03 PM,-0.8,-24,L
2014/12/24,Wed,09:50 PM,4.3,131,H
2014/12/25,Thu,03:17 AM,-0.6,-18,L
2014/12/25,Thu,10:11 AM,4.6,140,H
2014/12/25,Thu,03:48 PM,-0.8,-24,L
2014/12/25,Thu,10:44 PM,4.3,131,H
2014/12/26,Fri,04:06 AM,-0.5,-15,L
2014/12/26,Fri,11:06 AM,4.4,134,H
2014/12/26,Fri,04:34 PM,-0.7,-21,L
2014/12/26,Fri,11:41 PM,4.4,134,H
2014/12/27,Sat,05:00 AM,-0.2,-6,L
2014/12/27,Sat,12:04 PM,4.2,128,H
2014/12/27,Sat,05:28 PM,-0.5,-15,L
2014/12/28,Sun,12:41 AM,4.4,134,H
2014/12/28,Sun,06:13 AM,0.0,0,L
2014/12/28,Sun,01:03 PM,4.0,122,H
2014/12/28,Sun,06:38 PM,-0.3,-9,L
2014/12/29,Mon,01:38 AM,4.4,134,H
2014/12/29,Mon,07:49 AM,0.2,6,L
2014/12/29,Mon,02:01 PM,3.8,116,H
2014/12/29,Mon,07:50 PM,-0.1,-3,L
2014/12/30,Tue,02:35 AM,4.3,131,H
2014/12/30,Tue,09:50 AM,0.1,3,L
2014/12/30,Tue,03:01 PM,3.6,110,H
2014/12/30,Tue,09:03 PM,0.0,0,L
2014/12/31,Wed,03:38 AM,4.3,131,H
2014/12/31,Wed,11:04 AM,0.0,0,L
2014/12/31,Wed,04:08 PM,3.5,107,H
2014/12/31,Wed,10:49 PM,0.0,0,L
