time,feet,centimeters,tide
2014-12-31 03:05:00 UTC,-0.5,-15,L
2014-12-31 10:10:00 UTC,7.3,223,H
2014-12-31 15:53:00 UTC,0.2,6,L
2014-12-31 22:33:00 UTC,6.4,195,H
2015-01-01 04:03:00 UTC,-0.6,-18,L
2015-01-01 11:08:00 UTC,7.4,226,H
2015-01-01 16:52:00 UTC,0.0,0,L
2015-01-01 23:30:00 UTC,6.4,195,H
2015-01-02 04:57:00 UTC,-0.7,-21,L
2015-01-02 12:01:00 UTC,7.5,229,H
2015-01-02 17:44:00 UTC,-0.1,-3,L
2015-01-03 00:22:00 UTC,6.4,195,H
2015-01-03 05:47:00 UTC,-0.7,-21,L
2015-01-03 12:49:00 UTC,7.6,232,H
2015-01-03 18:33:00 UTC,-0.2,-6,L
2015-01-04 01:10:00 UTC,6.5,198,H
2015-01-04 06:34:00 UTC,-0.7,-21,L
2015-01-04 13:34:00 UTC,7.6,232,H
2015-01-04 19:17:00 UTC,-0.2,-6,L
2015-01-05 01:54:00 UTC,6.5,198,H
2015-01-05 07:18:00 UTC,-0.6,-18,L
2015-01-05 14:15:00 UTC,7.5,229,H
2015-01-05 19:59:00 UTC,-0.2,-6,L
2015-01-06 02:37:00 UTC,6.4,195,H
2015-01-06 08:00:00 UTC,-0.5,-15,L
2015-01-06 14:54:00 UTC,7.4,226,H
2015-01-06 20:38:00 UTC,-0.1,-3,L
2015-01-07 03:17:00 UTC,6.3,192,H
2015-01-07 08:40:00 UTC,-0.3,-9,L
2015-01-07 15:31:00 UTC,7.2,219,H
2015-01-07 21:15:00 UTC,0.1,3,L
2015-01-08 03:57:00 UTC,6.2,189,H
2015-01-08 09:18:00 UTC,-0.1,-3,L
2015-01-08 16:08:00 UTC,6.9,210,H
2015-01-08 21:51:00 UTC,0.2,6,L
2015-01-09 04:35:00 UTC,6.0,183,H
2015-01-09 09:57:00 UTC,0.2,6,L
2015-01-09 16:44:00 UTC,6.7,204,H
2015-01-09 22:26:00 UTC,0.4,12,L
2015-01-10 05:15:00 UTC,5.9,180,H
2015-01-10 10:37:00 UTC,0.5,15,L
2015-01-10 17:21:00 UTC,6.4,195,H
2015-01-10 23:01:00 UTC,0.5,15,L
2015-01-11 05:56:00 UTC,5.8,177,H
2015-01-11 11:21:00 UTC,0.7,21,L
2015-01-11 18:01:00 UTC,6.1,186,H
2015-01-11 23:40:00 UTC,0.6,18,L
2015-01-12 06:42:00 UTC,5.8,177,H
2015-01-12 12:10:00 UTC,0.9,27,L
2015-01-12 18:45:00 UTC,5.9,180,H
2015-01-13 00:25:00 UTC,0.6,18,L
2015-01-13 07:32:00 UTC,5.9,180,H
2015-01-13 13:05:00 UTC,1.0,30,L
2015-01-13 19:36:00 UTC,5.7,174,H
2015-01-14 01:15:00 UTC,0.5,15,L
2015-01-14 08:28:00 UTC,6.0,183,H
2015-01-14 14:06:00 UTC,0.9,27,L
2015-01-14 20:32:00 UTC,5.7,174,H
2015-01-15 02:12:00 UTC,0.4,12,L
2015-01-15 09:27:00 UTC,6.3,192,H
2015-01-15 15:08:00 UTC,0.7,21,L
2015-01-15 21:31:00 UTC,5.7,174,H
2015-01-16 03:11:00 UTC,0.1,3,L
2015-01-16 10:25:00 UTC,6.7,204,H
2015-01-16 16:08:00 UTC,0.4,12,L
2015-01-16 22:31:00 UTC,5.9,180,H
2015-01-17 04:09:00 UTC,-0.2,-6,L
2015-01-17 11:22:00 UTC,7.1,216,H
2015-01-17 17:04:00 UTC,0.0,0,L
2015-01-17 23:28:00 UTC,6.2,189,H
2015-01-18 05:06:00 UTC,-0.7,-21,L
2015-01-18 12:16:00 UTC,7.6,232,H
2015-01-18 17:57:00 UTC,-0.5,-15,L
2015-01-19 00:23:00 UTC,6.5,198,H
2015-01-19 06:00:00 UTC,-1.1,-34,L
2015-01-19 13:08:00 UTC,8.0,244,H
2015-01-19 18:47:00 UTC,-0.9,-27,L
2015-01-20 01:17:00 UTC,6.8,207,H
2015-01-20 06:53:00 UTC,-1.4,-43,L
2015-01-20 13:59:00 UTC,8.2,250,H
2015-01-20 19:37:00 UTC,-1.3,-40,L
2015-01-21 02:09:00 UTC,7.1,216,H
2015-01-21 07:45:00 UTC,-1.6,-49,L
2015-01-21 14:49:00 UTC,8.3,253,H
2015-01-21 20:26:00 UTC,-1.5,-46,L
2015-01-22 03:01:00 UTC,7.3,223,H
2015-01-22 08:37:00 UTC,-1.7,-52,L
2015-01-22 15:39:00 UTC,8.3,253,H
2015-01-22 21:14:00 UTC,-1.5,-46,L
2015-01-23 03:53:00 UTC,7.4,226,H
2015-01-23 09:30:00 UTC,-1.5,-46,L
2015-01-23 16:29:00 UTC,8.0,244,H
2015-01-23 22:04:00 UTC,-1.5,-46,L
2015-01-24 04:47:00 UTC,7.4,226,H
2015-01-24 10:24:00 UTC,-1.2,-37,L
2015-01-24 17:21:00 UTC,7.6,232,H
2015-01-24 22:55:00 UTC,-1.3,-40,L
2015-01-25 05:43:00 UTC,7.3,223,H
2015-01-25 11:21:00 UTC,-0.7,-21,L
2015-01-25 18:15:00 UTC,7.1,216,H
2015-01-25 23:48:00 UTC,-1.0,-30,L
2015-01-26 06:42:00 UTC,7.1,216,H
2015-01-26 12:22:00 UTC,-0.3,-9,L
2015-01-26 19:12:00 UTC,6.7,204,H
2015-01-27 00:44:00 UTC,-0.7,-21,L
2015-01-27 07:43:00 UTC,7.0,213,H
2015-01-27 13:25:00 UTC,0.1,3,L
2015-01-27 20:12:00 UTC,6.3,192,H
2015-01-28 01:42:00 UTC,-0.5,-15,L
2015-01-28 08:46:00 UTC,6.8,207,H
2015-01-28 14:30:00 UTC,0.3,9,L
2015-01-28 21:13:00 UTC,6.1,186,H
2015-01-29 02:42:00 UTC,-0.4,-12,L
2015-01-29 09:49:00 UTC,6.8,207,H
2015-01-29 15:33:00 UTC,0.3,9,L
2015-01-29 22:13:00 UTC,6.0,183,H
2015-01-30 03:41:00 UTC,-0.3,-9,L
2015-01-30 10:48:00 UTC,6.9,210,H
2015-01-30 16:31:00 UTC,0.2,6,L
2015-01-30 23:10:00 UTC,6.0,183,H
2015-01-31 04:36:00 UTC,-0.4,-12,L
2015-01-31 11:41:00 UTC,7.0,213,H
2015-01-31 17:24:00 UTC,0.1,3,L
2015-02-01 00:02:00 UTC,6.1,186,H
2015-02-01 05:27:00 UTC,-0.5,-15,L
2015-02-01 12:29:00 UTC,7.1,216,H
2015-02-01 18:11:00 UTC,0.0,0,L
2015-02-02 00:50:00 UTC,6.2,189,H
2015-02-02 06:14:00 UTC,-0.5,-15,L
2015-02-02 13:13:00 UTC,7.1,216,H
2015-02-02 18:54:00 UTC,-0.1,-3,L
2015-02-03 01:34:00 UTC,6.3,192,H
2015-02-03 06:57:00 UTC,-0.6,-18,L
2015-02-03 13:53:00 UTC,7.1,216,H
2015-02-03 19:33:00 UTC,-0.2,-6,L
2015-02-04 02:14:00 UTC,6.4,195,H
2015-02-04 07:38:00 UTC,-0.5,-15,L
2015-02-04 14:30:00 UTC,7.1,216,H
2015-02-04 20:10:00 UTC,-0.2,-6,L
2015-02-05 02:53:00 UTC,6.4,195,H
2015-02-05 08:17:00 UTC,-0.4,-12,L
2015-02-05 15:06:00 UTC,7.0,213,H
2015-02-05 20:44:00 UTC,-0.1,-3,L
2015-02-06 03:30:00 UTC,6.4,195,H
2015-02-06 08:54:00 UTC,-0.2,-6,L
2015-02-06 15:40:00 UTC,6.8,207,H
2015-02-06 21:16:00 UTC,0.0,0,L
2015-02-07 04:05:00 UTC,6.3,192,H
2015-02-07 09:31:00 UTC,0.0,0,L
2015-02-07 16:13:00 UTC,6.6,201,H
2015-02-07 21:48:00 UTC,0.1,3,L
2015-02-08 04:39:00 UTC,6.2,189,H
2015-02-08 10:08:00 UTC,0.2,6,L
2015-02-08 16:46:00 UTC,6.3,192,H
2015-02-08 22:21:00 UTC,0.2,6,L
2015-02-09 05:14:00 UTC,6.1,186,H
2015-02-09 10:49:00 UTC,0.4,12,L
2015-02-09 17:21:00 UTC,6.1,186,H
2015-02-09 22:57:00 UTC,0.3,9,L
2015-02-10 05:53:00 UTC,6.1,186,H
2015-02-10 11:34:00 UTC,0.6,18,L
2015-02-10 18:02:00 UTC,5.9,180,H
2015-02-10 23:40:00 UTC,0.3,9,L
2015-02-11 06:39:00 UTC,6.1,186,H
2015-02-11 12:26:00 UTC,0.7,21,L
2015-02-11 18:51:00 UTC,5.7,174,H
2015-02-12 00:30:00 UTC,0.4,12,L
2015-02-12 07:35:00 UTC,6.2,189,H
2015-02-12 13:26:00 UTC,0.8,24,L
2015-02-12 19:47:00 UTC,5.7,174,H
2015-02-13 01:29:00 UTC,0.3,9,L
2015-02-13 08:39:00 UTC,6.4,195,H
2015-02-13 14:30:00 UTC,0.7,21,L
2015-02-13 20:51:00 UTC,5.7,174,H
2015-02-14 02:34:00 UTC,0.1,3,L
2015-02-14 09:45:00 UTC,6.7,204,H
2015-02-14 15:34:00 UTC,0.4,12,L
2015-02-14 21:56:00 UTC,5.9,180,H
2015-02-15 03:40:00 UTC,-0.2,-6,L
2015-02-15 10:50:00 UTC,7.1,216,H
2015-02-15 16:35:00 UTC,-0.1,-3,L
2015-02-15 23:00:00 UTC,6.3,192,H
2015-02-16 04:42:00 UTC,-0.7,-21,L
2015-02-16 11:50:00 UTC,7.5,229,H
2015-02-16 17:31:00 UTC,-0.6,-18,L
2015-02-17 00:01:00 UTC,6.7,204,H
2015-02-17 05:41:00 UTC,-1.1,-34,L
2015-02-17 12:46:00 UTC,7.9,241,H
2015-02-17 18:23:00 UTC,-1.1,-34,L
2015-02-18 00:57:00 UTC,7.2,219,H
2015-02-18 06:37:00 UTC,-1.5,-46,L
2015-02-18 13:39:00 UTC,8.2,250,H
2015-02-18 19:14:00 UTC,-1.5,-46,L
2015-02-19 01:52:00 UTC,7.6,232,H
2015-02-19 07:30:00 UTC,-1.8,-55,L
2015-02-19 14:30:00 UTC,8.3,253,H
2015-02-19 20:03:00 UTC,-1.7,-52,L
2015-02-20 02:44:00 UTC,7.9,241,H
2015-02-20 08:23:00 UTC,-1.8,-55,L
2015-02-20 15:20:00 UTC,8.2,250,H
2015-02-20 20:52:00 UTC,-1.8,-55,L
2015-02-21 03:37:00 UTC,8.0,244,H
2015-02-21 09:16:00 UTC,-1.6,-49,L
2015-02-21 16:10:00 UTC,7.9,241,H
2015-02-21 21:40:00 UTC,-1.6,-49,L
2015-02-22 04:29:00 UTC,7.9,241,H
2015-02-22 10:09:00 UTC,-1.2,-37,L
2015-02-22 17:01:00 UTC,7.5,229,H
2015-02-22 22:30:00 UTC,-1.3,-40,L
2015-02-23 05:23:00 UTC,7.7,235,H
2015-02-23 11:04:00 UTC,-0.8,-24,L
2015-02-23 17:54:00 UTC,7.0,213,H
2015-02-23 23:22:00 UTC,-1.0,-30,L
2015-02-24 06:18:00 UTC,7.4,226,H
2015-02-24 12:02:00 UTC,-0.3,-9,L
2015-02-24 18:49:00 UTC,6.6,201,H
2015-02-25 00:16:00 UTC,-0.5,-15,L
2015-02-25 07:17:00 UTC,7.1,216,H
2015-02-25 13:02:00 UTC,0.2,6,L
2015-02-25 19:47:00 UTC,6.2,189,H
2015-02-26 01:14:00 UTC,-0.2,-6,L
2015-02-26 08:18:00 UTC,6.8,207,H
2015-02-26 14:05:00 UTC,0.5,15,L
2015-02-26 20:48:00 UTC,5.9,180,H
2015-02-27 02:15:00 UTC,0.1,3,L
2015-02-27 09:20:00 UTC,6.6,201,H
2015-02-27 15:07:00 UTC,0.6,18,L
2015-02-27 21:49:00 UTC,5.9,180,H
2015-02-28 03:15:00 UTC,0.2,6,L
2015-02-28 10:19:00 UTC,6.6,201,H
2015-02-28 16:05:00 UTC,0.5,15,L
2015-02-28 22:46:00 UTC,5.9,180,H
2015-03-01 04:12:00 UTC,0.1,3,L
2015-03-01 11:14:00 UTC,6.6,201,H
2015-03-01 16:57:00 UTC,0.4,12,L
2015-03-01 23:38:00 UTC,6.1,186,H
2015-03-02 05:04:00 UTC,0.0,0,L
2015-03-02 12:02:00 UTC,6.8,207,H
2015-03-02 17:43:00 UTC,0.2,6,L
2015-03-03 00:26:00 UTC,6.4,195,H
2015-03-03 05:52:00 UTC,-0.1,-3,L
2015-03-03 12:46:00 UTC,6.9,210,H
2015-03-03 18:24:00 UTC,0.1,3,L
2015-03-04 01:09:00 UTC,6.6,201,H
2015-03-04 06:35:00 UTC,-0.3,-9,L
2015-03-04 13:26:00 UTC,7.0,213,H
2015-03-04 19:03:00 UTC,0.0,0,L
2015-03-05 01:50:00 UTC,6.7,204,H
2015-03-05 07:15:00 UTC,-0.3,-9,L
2015-03-05 14:03:00 UTC,7.0,213,H
2015-03-05 19:38:00 UTC,-0.1,-3,L
2015-03-06 02:28:00 UTC,6.8,207,H
2015-03-06 07:54:00 UTC,-0.3,-9,L
2015-03-06 14:39:00 UTC,6.9,210,H
2015-03-06 20:11:00 UTC,-0.1,-3,L
2015-03-07 03:03:00 UTC,6.8,207,H
2015-03-07 08:31:00 UTC,-0.2,-6,L
2015-03-07 15:12:00 UTC,6.8,207,H
2015-03-07 20:42:00 UTC,0.0,0,L
2015-03-08 03:37:00 UTC,6.8,207,H
2015-03-08 09:07:00 UTC,-0.1,-3,L
2015-03-08 15:44:00 UTC,6.6,201,H
2015-03-08 21:14:00 UTC,0.1,3,L
2015-03-09 04:08:00 UTC,6.7,204,H
2015-03-09 09:44:00 UTC,0.1,3,L
2015-03-09 16:16:00 UTC,6.4,195,H
2015-03-09 21:47:00 UTC,0.1,3,L
2015-03-10 04:40:00 UTC,6.7,204,H
2015-03-10 10:24:00 UTC,0.3,9,L
2015-03-10 16:51:00 UTC,6.2,189,H
2015-03-10 22:24:00 UTC,0.2,6,L
2015-03-11 05:16:00 UTC,6.6,201,H
2015-03-11 11:08:00 UTC,0.5,15,L
2015-03-11 17:31:00 UTC,6.1,186,H
2015-03-11 23:07:00 UTC,0.3,9,L
2015-03-12 06:01:00 UTC,6.6,201,H
2015-03-12 11:58:00 UTC,0.6,18,L
2015-03-12 18:19:00 UTC,5.9,180,H
2015-03-12 23:58:00 UTC,0.4,12,L
2015-03-13 06:56:00 UTC,6.6,201,H
2015-03-13 12:56:00 UTC,0.7,21,L
2015-03-13 19:16:00 UTC,5.9,180,H
2015-03-14 00:58:00 UTC,0.4,12,L
2015-03-14 08:02:00 UTC,6.7,204,H
2015-03-14 14:00:00 UTC,0.6,18,L
2015-03-14 20:22:00 UTC,6.0,183,H
2015-03-15 02:06:00 UTC,0.3,9,L
2015-03-15 09:12:00 UTC,6.9,210,H
2015-03-15 15:05:00 UTC,0.3,9,L
2015-03-15 21:31:00 UTC,6.2,189,H
2015-03-16 03:16:00 UTC,0.0,0,L
2015-03-16 10:21:00 UTC,7.2,219,H
2015-03-16 16:07:00 UTC,-0.1,-3,L
2015-03-16 22:38:00 UTC,6.7,204,H
2015-03-17 04:22:00 UTC,-0.5,-15,L
2015-03-17 11:24:00 UTC,7.5,229,H
2015-03-17 17:04:00 UTC,-0.6,-18,L
2015-03-17 23:40:00 UTC,7.2,219,H
2015-03-18 05:24:00 UTC,-0.9,-27,L
2015-03-18 12:23:00 UTC,7.9,241,H
2015-03-18 17:58:00 UTC,-1.1,-34,L
2015-03-19 00:39:00 UTC,7.7,235,H
2015-03-19 06:21:00 UTC,-1.3,-40,L
2015-03-19 13:17:00 UTC,8.1,247,H
2015-03-19 18:49:00 UTC,-1.4,-43,L
2015-03-20 01:34:00 UTC,8.2,250,H
2015-03-20 07:16:00 UTC,-1.5,-46,L
2015-03-20 14:09:00 UTC,8.2,250,H
2015-03-20 19:39:00 UTC,-1.6,-49,L
2015-03-21 02:26:00 UTC,8.5,259,H
2015-03-21 08:08:00 UTC,-1.6,-49,L
2015-03-21 15:00:00 UTC,8.0,244,H
2015-03-21 20:27:00 UTC,-1.6,-49,L
2015-03-22 03:18:00 UTC,8.5,259,H
2015-03-22 09:00:00 UTC,-1.4,-43,L
2015-03-22 15:49:00 UTC,7.8,238,H
2015-03-22 21:16:00 UTC,-1.4,-43,L
2015-03-23 04:08:00 UTC,8.4,256,H
2015-03-23 09:52:00 UTC,-1.0,-30,L
2015-03-23 16:40:00 UTC,7.4,226,H
2015-03-23 22:05:00 UTC,-1.1,-34,L
2015-03-24 05:00:00 UTC,8.1,247,H
2015-03-24 10:45:00 UTC,-0.6,-18,L
2015-03-24 17:31:00 UTC,6.9,210,H
2015-03-24 22:55:00 UTC,-0.6,-18,L
2015-03-25 05:52:00 UTC,7.6,232,H
2015-03-25 11:40:00 UTC,-0.1,-3,L
2015-03-25 18:25:00 UTC,6.5,198,H
2015-03-25 23:48:00 UTC,-0.1,-3,L
2015-03-26 06:48:00 UTC,7.2,219,H
2015-03-26 12:36:00 UTC,0.4,12,L
2015-03-26 19:22:00 UTC,6.2,189,H
2015-03-27 00:45:00 UTC,0.3,9,L
2015-03-27 07:45:00 UTC,6.8,207,H
2015-03-27 13:36:00 UTC,0.7,21,L
2015-03-27 20:21:00 UTC,6.0,183,H
2015-03-28 01:45:00 UTC,0.6,18,L
2015-03-28 08:44:00 UTC,6.6,201,H
2015-03-28 14:35:00 UTC,0.8,24,L
2015-03-28 21:20:00 UTC,6.0,183,H
2015-03-29 02:45:00 UTC,0.7,21,L
2015-03-29 09:42:00 UTC,6.5,198,H
2015-03-29 15:31:00 UTC,0.8,24,L
2015-03-29 22:16:00 UTC,6.1,186,H
2015-03-30 03:43:00 UTC,0.7,21,L
2015-03-30 10:36:00 UTC,6.5,198,H
2015-03-30 16:21:00 UTC,0.7,21,L
2015-03-30 23:09:00 UTC,6.3,192,H
2015-03-31 04:36:00 UTC,0.5,15,L
2015-03-31 11:25:00 UTC,6.6,201,H
2015-03-31 17:07:00 UTC,0.5,15,L
2015-03-31 23:56:00 UTC,6.6,201,H
2015-04-01 05:24:00 UTC,0.3,9,L
2015-04-01 12:11:00 UTC,6.7,204,H
2015-04-01 17:48:00 UTC,0.3,9,L
2015-04-02 00:40:00 UTC,6.9,210,H
2015-04-02 06:09:00 UTC,0.2,6,L
2015-04-02 12:52:00 UTC,6.8,207,H
2015-04-02 18:26:00 UTC,0.2,6,L
2015-04-03 01:22:00 UTC,7.1,216,H
2015-04-03 06:50:00 UTC,0.0,0,L
2015-04-03 13:32:00 UTC,6.8,207,H
2015-04-03 19:02:00 UTC,0.1,3,L
2015-04-04 02:00:00 UTC,7.3,223,H
2015-04-04 07:29:00 UTC,-0.1,-3,L
2015-04-04 14:09:00 UTC,6.8,207,H
2015-04-04 19:36:00 UTC,0.0,0,L
2015-04-05 02:36:00 UTC,7.3,223,H
2015-04-05 08:08:00 UTC,-0.1,-3,L
2015-04-05 14:44:00 UTC,6.7,204,H
2015-04-05 20:10:00 UTC,0.1,3,L
2015-04-06 03:09:00 UTC,7.3,223,H
2015-04-06 08:45:00 UTC,0.0,0,L
2015-04-06 15:18:00 UTC,6.6,201,H
2015-04-06 20:44:00 UTC,0.1,3,L
2015-04-07 03:42:00 UTC,7.3,223,H
2015-04-07 09:24:00 UTC,0.1,3,L
2015-04-07 15:51:00 UTC,6.4,195,H
2015-04-07 21:19:00 UTC,0.2,6,L
2015-04-08 04:15:00 UTC,7.2,219,H
2015-04-08 10:04:00 UTC,0.2,6,L
2015-04-08 16:28:00 UTC,6.3,192,H
2015-04-08 21:59:00 UTC,0.2,6,L
2015-04-09 04:53:00 UTC,7.2,219,H
2015-04-09 10:49:00 UTC,0.3,9,L
2015-04-09 17:10:00 UTC,6.2,189,H
2015-04-09 22:44:00 UTC,0.3,9,L
2015-04-10 05:38:00 UTC,7.1,216,H
2015-04-10 11:39:00 UTC,0.4,12,L
2015-04-10 18:00:00 UTC,6.2,189,H
2015-04-10 23:37:00 UTC,0.4,12,L
2015-04-11 06:34:00 UTC,7.1,216,H
2015-04-11 12:35:00 UTC,0.5,15,L
2015-04-11 18:58:00 UTC,6.2,189,H
2015-04-12 00:38:00 UTC,0.5,15,L
2015-04-12 07:38:00 UTC,7.0,213,H
2015-04-12 13:36:00 UTC,0.4,12,L
2015-04-12 20:04:00 UTC,6.3,192,H
2015-04-13 01:47:00 UTC,0.4,12,L
2015-04-13 08:47:00 UTC,7.1,216,H
2015-04-13 14:39:00 UTC,0.1,3,L
2015-04-13 21:13:00 UTC,6.6,201,H
2015-04-14 02:57:00 UTC,0.2,6,L
2015-04-14 09:55:00 UTC,7.3,223,H
2015-04-14 15:40:00 UTC,-0.2,-6,L
2015-04-14 22:20:00 UTC,7.1,216,H
2015-04-15 04:05:00 UTC,-0.2,-6,L
2015-04-15 10:59:00 UTC,7.5,229,H
2015-04-15 16:38:00 UTC,-0.6,-18,L
2015-04-15 23:22:00 UTC,7.7,235,H
2015-04-16 05:07:00 UTC,-0.6,-18,L
2015-04-16 11:58:00 UTC,7.7,235,H
2015-04-16 17:32:00 UTC,-1.0,-30,L
2015-04-17 00:20:00 UTC,8.2,250,H
2015-04-17 06:05:00 UTC,-0.9,-27,L
2015-04-17 12:53:00 UTC,7.8,238,H
2015-04-17 18:24:00 UTC,-1.3,-40,L
2015-04-18 01:15:00 UTC,8.6,262,H
2015-04-18 07:00:00 UTC,-1.1,-34,L
2015-04-18 13:46:00 UTC,7.8,238,H
2015-04-18 19:14:00 UTC,-1.4,-43,L
2015-04-19 02:07:00 UTC,8.8,268,H
2015-04-19 07:52:00 UTC,-1.2,-37,L
2015-04-19 14:37:00 UTC,7.7,235,H
2015-04-19 20:02:00 UTC,-1.4,-43,L
2015-04-20 02:57:00 UTC,8.7,265,H
2015-04-20 08:44:00 UTC,-1.0,-30,L
2015-04-20 15:28:00 UTC,7.4,226,H
2015-04-20 20:51:00 UTC,-1.1,-34,L
2015-04-21 03:47:00 UTC,8.5,259,H
2015-04-21 09:34:00 UTC,-0.7,-21,L
2015-04-21 16:18:00 UTC,7.1,216,H
2015-04-21 21:39:00 UTC,-0.7,-21,L
2015-04-22 04:36:00 UTC,8.2,250,H
2015-04-22 10:24:00 UTC,-0.3,-9,L
2015-04-22 17:09:00 UTC,6.8,207,H
2015-04-22 22:28:00 UTC,-0.2,-6,L
2015-04-23 05:25:00 UTC,7.7,235,H
2015-04-23 11:15:00 UTC,0.1,3,L
2015-04-23 18:01:00 UTC,6.4,195,H
2015-04-23 23:19:00 UTC,0.2,6,L
2015-04-24 06:16:00 UTC,7.3,223,H
2015-04-24 12:08:00 UTC,0.5,15,L
2015-04-24 18:55:00 UTC,6.2,189,H
2015-04-25 00:13:00 UTC,0.7,21,L
2015-04-25 07:09:00 UTC,6.9,210,H
2015-04-25 13:01:00 UTC,0.8,24,L
2015-04-25 19:50:00 UTC,6.1,186,H
2015-04-26 01:10:00 UTC,1.0,30,L
2015-04-26 08:03:00 UTC,6.6,201,H
2015-04-26 13:55:00 UTC,0.9,27,L
2015-04-26 20:46:00 UTC,6.1,186,H
2015-04-27 02:09:00 UTC,1.1,34,L
2015-04-27 08:57:00 UTC,6.4,195,H
2015-04-27 14:48:00 UTC,0.9,27,L
2015-04-27 21:41:00 UTC,6.2,189,H
2015-04-28 03:07:00 UTC,1.1,34,L
2015-04-28 09:50:00 UTC,6.3,192,H
2015-04-28 15:37:00 UTC,0.8,24,L
2015-04-28 22:33:00 UTC,6.5,198,H
2015-04-29 04:01:00 UTC,0.9,27,L
2015-04-29 10:41:00 UTC,6.4,195,H
2015-04-29 16:23:00 UTC,0.7,21,L
2015-04-29 23:21:00 UTC,6.8,207,H
2015-04-30 04:51:00 UTC,0.7,21,L
2015-04-30 11:28:00 UTC,6.4,195,H
2015-04-30 17:05:00 UTC,0.5,15,L
2015-05-01 00:07:00 UTC,7.1,216,H
2015-05-01 05:37:00 UTC,0.5,15,L
2015-05-01 12:13:00 UTC,6.5,198,H
2015-05-01 17:45:00 UTC,0.3,9,L
2015-05-02 00:49:00 UTC,7.3,223,H
2015-05-02 06:21:00 UTC,0.3,9,L
2015-05-02 12:56:00 UTC,6.6,201,H
2015-05-02 18:23:00 UTC,0.1,3,L
2015-05-03 01:29:00 UTC,7.5,229,H
2015-05-03 07:03:00 UTC,0.1,3,L
2015-05-03 13:36:00 UTC,6.6,201,H
2015-05-03 19:01:00 UTC,0.0,0,L
2015-05-04 02:07:00 UTC,7.6,232,H
2015-05-04 07:43:00 UTC,0.0,0,L
2015-05-04 14:15:00 UTC,6.5,198,H
2015-05-04 19:38:00 UTC,0.0,0,L
2015-05-05 02:44:00 UTC,7.7,235,H
2015-05-05 08:24:00 UTC,0.0,0,L
2015-05-05 14:52:00 UTC,6.5,198,H
2015-05-05 20:17:00 UTC,0.0,0,L
2015-05-06 03:20:00 UTC,7.7,235,H
2015-05-06 09:05:00 UTC,0.0,0,L
2015-05-06 15:30:00 UTC,6.4,195,H
2015-05-06 20:57:00 UTC,0.0,0,L
2015-05-07 03:57:00 UTC,7.7,235,H
2015-05-07 09:48:00 UTC,0.0,0,L
2015-05-07 16:11:00 UTC,6.3,192,H
2015-05-07 21:41:00 UTC,0.1,3,L
2015-05-08 04:39:00 UTC,7.6,232,H
2015-05-08 10:34:00 UTC,0.1,3,L
2015-05-08 16:58:00 UTC,6.3,192,H
2015-05-08 22:30:00 UTC,0.2,6,L
2015-05-09 05:27:00 UTC,7.5,229,H
2015-05-09 11:24:00 UTC,0.1,3,L
2015-05-09 17:50:00 UTC,6.3,192,H
2015-05-09 23:25:00 UTC,0.3,9,L
2015-05-10 06:22:00 UTC,7.4,226,H
2015-05-10 12:19:00 UTC,0.1,3,L
2015-05-10 18:50:00 UTC,6.4,195,H
2015-05-11 00:26:00 UTC,0.4,12,L
2015-05-11 07:23:00 UTC,7.2,219,H
2015-05-11 13:16:00 UTC,0.0,0,L
2015-05-11 19:54:00 UTC,6.7,204,H
2015-05-12 01:33:00 UTC,0.4,12,L
2015-05-12 08:28:00 UTC,7.2,219,H
2015-05-12 14:16:00 UTC,-0.2,-6,L
2015-05-12 21:00:00 UTC,7.0,213,H
2015-05-13 02:43:00 UTC,0.3,9,L
2015-05-13 09:32:00 UTC,7.2,219,H
2015-05-13 15:15:00 UTC,-0.5,-15,L
2015-05-13 22:04:00 UTC,7.4,226,H
2015-05-14 03:49:00 UTC,0.0,0,L
2015-05-14 10:34:00 UTC,7.2,219,H
2015-05-14 16:12:00 UTC,-0.8,-24,L
2015-05-14 23:05:00 UTC,7.9,241,H
2015-05-15 04:51:00 UTC,-0.3,-9,L
2015-05-15 11:33:00 UTC,7.3,223,H
2015-05-15 17:07:00 UTC,-1.0,-30,L
2015-05-16 00:02:00 UTC,8.3,253,H
2015-05-16 05:49:00 UTC,-0.6,-18,L
2015-05-16 12:30:00 UTC,7.3,223,H
2015-05-16 17:59:00 UTC,-1.2,-37,L
2015-05-17 00:56:00 UTC,8.6,262,H
2015-05-17 06:44:00 UTC,-0.7,-21,L
2015-05-17 13:23:00 UTC,7.2,219,H
2015-05-17 18:49:00 UTC,-1.2,-37,L
2015-05-18 01:48:00 UTC,8.7,265,H
2015-05-18 07:35:00 UTC,-0.8,-24,L
2015-05-18 14:15:00 UTC,7.1,216,H
2015-05-18 19:39:00 UTC,-1.1,-34,L
2015-05-19 02:37:00 UTC,8.6,262,H
2015-05-19 08:25:00 UTC,-0.7,-21,L
2015-05-19 15:06:00 UTC,7.0,213,H
2015-05-19 20:27:00 UTC,-0.8,-24,L
2015-05-20 03:25:00 UTC,8.3,253,H
2015-05-20 09:14:00 UTC,-0.4,-12,L
2015-05-20 15:55:00 UTC,6.7,204,H
2015-05-20 21:14:00 UTC,-0.4,-12,L
2015-05-21 04:11:00 UTC,8.0,244,H
2015-05-21 10:01:00 UTC,-0.2,-6,L
2015-05-21 16:44:00 UTC,6.5,198,H
2015-05-21 22:02:00 UTC,0.0,0,L
2015-05-22 04:57:00 UTC,7.6,232,H
2015-05-22 10:48:00 UTC,0.2,6,L
2015-05-22 17:34:00 UTC,6.3,192,H
2015-05-22 22:50:00 UTC,0.4,12,L
2015-05-23 05:44:00 UTC,7.2,219,H
2015-05-23 11:35:00 UTC,0.5,15,L
2015-05-23 18:24:00 UTC,6.1,186,H
2015-05-23 23:40:00 UTC,0.8,24,L
2015-05-24 06:31:00 UTC,6.8,207,H
2015-05-24 12:23:00 UTC,0.7,21,L
2015-05-24 19:16:00 UTC,6.0,183,H
2015-05-25 00:32:00 UTC,1.1,34,L
2015-05-25 07:19:00 UTC,6.5,198,H
2015-05-25 13:10:00 UTC,0.8,24,L
2015-05-25 20:08:00 UTC,6.1,186,H
2015-05-26 01:28:00 UTC,1.2,37,L
2015-05-26 08:09:00 UTC,6.3,192,H
2015-05-26 13:58:00 UTC,0.8,24,L
2015-05-26 21:01:00 UTC,6.2,189,H
2015-05-27 02:24:00 UTC,1.3,40,L
2015-05-27 09:00:00 UTC,6.2,189,H
2015-05-27 14:46:00 UTC,0.8,24,L
2015-05-27 21:52:00 UTC,6.5,198,H
2015-05-28 03:20:00 UTC,1.2,37,L
2015-05-28 09:51:00 UTC,6.1,186,H
2015-05-28 15:32:00 UTC,0.6,18,L
2015-05-28 22:41:00 UTC,6.8,207,H
2015-05-29 04:12:00 UTC,1.0,30,L
2015-05-29 10:41:00 UTC,6.1,186,H
2015-05-29 16:17:00 UTC,0.4,12,L
2015-05-29 23:28:00 UTC,7.1,216,H
2015-05-30 05:02:00 UTC,0.7,21,L
2015-05-30 11:29:00 UTC,6.2,189,H
2015-05-30 17:01:00 UTC,0.2,6,L
2015-05-31 00:13:00 UTC,7.3,223,H
2015-05-31 05:49:00 UTC,0.4,12,L
2015-05-31 12:16:00 UTC,6.2,189,H
2015-05-31 17:44:00 UTC,0.0,0,L
2015-06-01 00:56:00 UTC,7.6,232,H
2015-06-01 06:34:00 UTC,0.2,6,L
2015-06-01 13:00:00 UTC,6.3,192,H
2015-06-01 18:27:00 UTC,-0.1,-3,L
2015-06-02 01:38:00 UTC,7.8,238,H
2015-06-02 07:18:00 UTC,0.0,0,L
2015-06-02 13:44:00 UTC,6.3,192,H
2015-06-02 19:10:00 UTC,-0.2,-6,L
2015-06-03 02:19:00 UTC,7.9,241,H
2015-06-03 08:01:00 UTC,-0.2,-6,L
2015-06-03 14:27:00 UTC,6.4,195,H
2015-06-03 19:54:00 UTC,-0.3,-9,L
2015-06-04 03:01:00 UTC,8.0,244,H
2015-06-04 08:46:00 UTC,-0.3,-9,L
2015-06-04 15:12:00 UTC,6.4,195,H
2015-06-04 20:40:00 UTC,-0.3,-9,L
2015-06-05 03:44:00 UTC,7.9,241,H
2015-06-05 09:32:00 UTC,-0.3,-9,L
2015-06-05 15:58:00 UTC,6.5,198,H
2015-06-05 21:28:00 UTC,-0.2,-6,L
2015-06-06 04:30:00 UTC,7.9,241,H
2015-06-06 10:19:00 UTC,-0.4,-12,L
2015-06-06 16:49:00 UTC,6.5,198,H
2015-06-06 22:20:00 UTC,-0.1,-3,L
2015-06-07 05:20:00 UTC,7.7,235,H
2015-06-07 11:09:00 UTC,-0.4,-12,L
2015-06-07 17:44:00 UTC,6.6,201,H
2015-06-07 23:16:00 UTC,0.0,0,L
2015-06-08 06:14:00 UTC,7.5,229,H
2015-06-08 12:02:00 UTC,-0.4,-12,L
2015-06-08 18:43:00 UTC,6.8,207,H
2015-06-09 00:17:00 UTC,0.2,6,L
2015-06-09 07:11:00 UTC,7.3,223,H
2015-06-09 12:57:00 UTC,-0.5,-15,L
2015-06-09 19:45:00 UTC,7.0,213,H
2015-06-10 01:22:00 UTC,0.3,9,L
2015-06-10 08:11:00 UTC,7.1,216,H
2015-06-10 13:54:00 UTC,-0.6,-18,L
2015-06-10 20:48:00 UTC,7.3,223,H
2015-06-11 02:29:00 UTC,0.3,9,L
2015-06-11 09:12:00 UTC,7.0,213,H
2015-06-11 14:52:00 UTC,-0.7,-21,L
2015-06-11 21:50:00 UTC,7.6,232,H
2015-06-12 03:34:00 UTC,0.1,3,L
2015-06-12 10:13:00 UTC,6.9,210,H
2015-06-12 15:49:00 UTC,-0.8,-24,L
2015-06-12 22:49:00 UTC,7.9,241,H
2015-06-13 04:36:00 UTC,0.0,0,L
2015-06-13 11:11:00 UTC,6.8,207,H
2015-06-13 16:44:00 UTC,-0.9,-27,L
2015-06-13 23:45:00 UTC,8.1,247,H
2015-06-14 05:33:00 UTC,-0.2,-6,L
2015-06-14 12:08:00 UTC,6.8,207,H
2015-06-14 17:37:00 UTC,-1.0,-30,L
2015-06-15 00:39:00 UTC,8.3,253,H
2015-06-15 06:27:00 UTC,-0.4,-12,L
2015-06-15 13:02:00 UTC,6.7,204,H
2015-06-15 18:27:00 UTC,-0.9,-27,L
2015-06-16 01:29:00 UTC,8.3,253,H
2015-06-16 07:17:00 UTC,-0.4,-12,L
2015-06-16 13:54:00 UTC,6.7,204,H
2015-06-16 19:16:00 UTC,-0.8,-24,L
2015-06-17 02:17:00 UTC,8.2,250,H
2015-06-17 08:05:00 UTC,-0.4,-12,L
2015-06-17 14:43:00 UTC,6.6,201,H
2015-06-17 20:04:00 UTC,-0.6,-18,L
2015-06-18 03:03:00 UTC,8.0,244,H
2015-06-18 08:51:00 UTC,-0.2,-6,L
2015-06-18 15:31:00 UTC,6.5,198,H
2015-06-18 20:50:00 UTC,-0.3,-9,L
2015-06-19 03:46:00 UTC,7.7,235,H
2015-06-19 09:35:00 UTC,0.0,0,L
2015-06-19 16:18:00 UTC,6.3,192,H
2015-06-19 21:35:00 UTC,0.1,3,L
2015-06-20 04:28:00 UTC,7.4,226,H
2015-06-20 10:18:00 UTC,0.2,6,L
2015-06-20 17:04:00 UTC,6.2,189,H
2015-06-20 22:19:00 UTC,0.4,12,L
2015-06-21 05:10:00 UTC,7.1,216,H
2015-06-21 11:00:00 UTC,0.4,12,L
2015-06-21 17:50:00 UTC,6.1,186,H
2015-06-21 23:05:00 UTC,0.8,24,L
2015-06-22 05:52:00 UTC,6.8,207,H
2015-06-22 11:41:00 UTC,0.6,18,L
2015-06-22 18:38:00 UTC,6.1,186,H
2015-06-22 23:53:00 UTC,1.0,30,L
2015-06-23 06:36:00 UTC,6.5,198,H
2015-06-23 12:22:00 UTC,0.7,21,L
2015-06-23 19:26:00 UTC,6.1,186,H
2015-06-24 00:44:00 UTC,1.2,37,L
2015-06-24 07:22:00 UTC,6.3,192,H
2015-06-24 13:06:00 UTC,0.7,21,L
2015-06-24 20:16:00 UTC,6.2,189,H
2015-06-25 01:38:00 UTC,1.3,40,L
2015-06-25 08:10:00 UTC,6.1,186,H
2015-06-25 13:51:00 UTC,0.7,21,L
2015-06-25 21:07:00 UTC,6.4,195,H
2015-06-26 02:34:00 UTC,1.3,40,L
2015-06-26 09:01:00 UTC,6.0,183,H
2015-06-26 14:39:00 UTC,0.6,18,L
2015-06-26 21:57:00 UTC,6.7,204,H
2015-06-27 03:30:00 UTC,1.1,34,L
2015-06-27 09:53:00 UTC,6.0,183,H
2015-06-27 15:29:00 UTC,0.4,12,L
2015-06-27 22:47:00 UTC,7.0,213,H
2015-06-28 04:23:00 UTC,0.9,27,L
2015-06-28 10:44:00 UTC,6.0,183,H
2015-06-28 16:18:00 UTC,0.2,6,L
2015-06-28 23:35:00 UTC,7.3,223,H
2015-06-29 05:14:00 UTC,0.5,15,L
2015-06-29 11:35:00 UTC,6.1,186,H
2015-06-29 17:08:00 UTC,-0.1,-3,L
2015-06-30 00:22:00 UTC,7.6,232,H
2015-06-30 06:03:00 UTC,0.2,6,L
2015-06-30 12:25:00 UTC,6.2,189,H
2015-06-30 17:57:00 UTC,-0.3,-9,L
2015-07-01 01:09:00 UTC,7.9,241,H
2015-07-01 06:51:00 UTC,-0.1,-3,L
2015-07-01 13:14:00 UTC,6.4,195,H
2015-07-01 18:45:00 UTC,-0.5,-15,L
2015-07-02 01:55:00 UTC,8.1,247,H
2015-07-02 07:38:00 UTC,-0.4,-12,L
2015-07-02 14:04:00 UTC,6.6,201,H
2015-07-02 19:34:00 UTC,-0.6,-18,L
2015-07-03 02:42:00 UTC,8.2,250,H
2015-07-03 08:25:00 UTC,-0.6,-18,L
2015-07-03 14:53:00 UTC,6.7,204,H
2015-07-03 20:24:00 UTC,-0.7,-21,L
2015-07-04 03:29:00 UTC,8.2,250,H
2015-07-04 09:12:00 UTC,-0.7,-21,L
2015-07-04 15:45:00 UTC,6.8,207,H
2015-07-04 21:16:00 UTC,-0.6,-18,L
2015-07-05 04:18:00 UTC,8.1,247,H
2015-07-05 10:01:00 UTC,-0.8,-24,L
2015-07-05 16:38:00 UTC,7.0,213,H
2015-07-05 22:09:00 UTC,-0.4,-12,L
2015-07-06 05:09:00 UTC,7.9,241,H
2015-07-06 10:51:00 UTC,-0.8,-24,L
2015-07-06 17:34:00 UTC,7.1,216,H
2015-07-06 23:06:00 UTC,-0.2,-6,L
2015-07-07 06:02:00 UTC,7.6,232,H
2015-07-07 11:43:00 UTC,-0.8,-24,L
2015-07-07 18:33:00 UTC,7.2,219,H
2015-07-08 00:06:00 UTC,0.0,0,L
2015-07-08 06:57:00 UTC,7.3,223,H
2015-07-08 12:37:00 UTC,-0.7,-21,L
2015-07-08 19:33:00 UTC,7.3,223,H
2015-07-09 01:10:00 UTC,0.2,6,L
2015-07-09 07:55:00 UTC,7.0,213,H
2015-07-09 13:33:00 UTC,-0.7,-21,L
2015-07-09 20:34:00 UTC,7.5,229,H
2015-07-10 02:15:00 UTC,0.4,12,L
2015-07-10 08:55:00 UTC,6.8,207,H
2015-07-10 14:30:00 UTC,-0.7,-21,L
2015-07-10 21:35:00 UTC,7.6,232,H
2015-07-11 03:19:00 UTC,0.3,9,L
2015-07-11 09:54:00 UTC,6.6,201,H
2015-07-11 15:27:00 UTC,-0.6,-18,L
2015-07-11 22:34:00 UTC,7.8,238,H
2015-07-12 04:19:00 UTC,0.3,9,L
2015-07-12 10:53:00 UTC,6.5,198,H
2015-07-12 16:23:00 UTC,-0.6,-18,L
2015-07-12 23:29:00 UTC,7.9,241,H
2015-07-13 05:16:00 UTC,0.1,3,L
2015-07-13 11:49:00 UTC,6.5,198,H
2015-07-13 17:17:00 UTC,-0.6,-18,L
2015-07-14 00:22:00 UTC,8.0,244,H
2015-07-14 06:08:00 UTC,0.0,0,L
2015-07-14 12:42:00 UTC,6.5,198,H
2015-07-14 18:07:00 UTC,-0.6,-18,L
2015-07-15 01:10:00 UTC,8.0,244,H
2015-07-15 06:57:00 UTC,0.0,0,L
2015-07-15 13:33:00 UTC,6.5,198,H
2015-07-15 18:56:00 UTC,-0.5,-15,L
2015-07-16 01:56:00 UTC,7.9,241,H
2015-07-16 07:42:00 UTC,0.0,0,L
2015-07-16 14:20:00 UTC,6.5,198,H
2015-07-16 19:41:00 UTC,-0.3,-9,L
2015-07-17 02:39:00 UTC,7.8,238,H
2015-07-17 08:25:00 UTC,0.0,0,L
2015-07-17 15:05:00 UTC,6.5,198,H
2015-07-17 20:25:00 UTC,0.0,0,L
2015-07-18 03:19:00 UTC,7.6,232,H
2015-07-18 09:06:00 UTC,0.2,6,L
2015-07-18 15:49:00 UTC,6.4,195,H
2015-07-18 21:08:00 UTC,0.2,6,L
2015-07-19 03:58:00 UTC,7.3,223,H
2015-07-19 09:44:00 UTC,0.3,9,L
2015-07-19 16:31:00 UTC,6.3,192,H
2015-07-19 21:49:00 UTC,0.5,15,L
2015-07-20 04:36:00 UTC,7.1,216,H
2015-07-20 10:21:00 UTC,0.5,15,L
2015-07-20 17:14:00 UTC,6.3,192,H
2015-07-20 22:31:00 UTC,0.8,24,L
2015-07-21 05:14:00 UTC,6.8,207,H
2015-07-21 10:57:00 UTC,0.6,18,L
2015-07-21 17:57:00 UTC,6.3,192,H
2015-07-21 23:15:00 UTC,1.1,34,L
2015-07-22 05:53:00 UTC,6.5,198,H
2015-07-22 11:34:00 UTC,0.7,21,L
2015-07-22 18:41:00 UTC,6.3,192,H
2015-07-23 00:02:00 UTC,1.3,40,L
2015-07-23 06:36:00 UTC,6.3,192,H
2015-07-23 12:14:00 UTC,0.7,21,L
2015-07-23 19:28:00 UTC,6.3,192,H
2015-07-24 00:53:00 UTC,1.4,43,L
2015-07-24 07:22:00 UTC,6.1,186,H
2015-07-24 13:00:00 UTC,0.7,21,L
2015-07-24 20:18:00 UTC,6.5,198,H
2015-07-25 01:49:00 UTC,1.4,43,L
2015-07-25 08:13:00 UTC,6.0,183,H
2015-07-25 13:50:00 UTC,0.6,18,L
2015-07-25 21:11:00 UTC,6.7,204,H
2015-07-26 02:47:00 UTC,1.3,40,L
2015-07-26 09:07:00 UTC,6.0,183,H
2015-07-26 14:44:00 UTC,0.5,15,L
2015-07-26 22:04:00 UTC,7.0,213,H
2015-07-27 03:44:00 UTC,1.0,30,L
2015-07-27 10:03:00 UTC,6.1,186,H
2015-07-27 15:40:00 UTC,0.3,9,L
2015-07-27 22:57:00 UTC,7.4,226,H
2015-07-28 04:39:00 UTC,0.7,21,L
2015-07-28 10:58:00 UTC,6.3,192,H
2015-07-28 16:36:00 UTC,0.0,0,L
2015-07-28 23:50:00 UTC,7.8,238,H
2015-07-29 05:32:00 UTC,0.3,9,L
2015-07-29 11:54:00 UTC,6.5,198,H
2015-07-29 17:30:00 UTC,-0.3,-9,L
2015-07-30 00:41:00 UTC,8.1,247,H
2015-07-30 06:23:00 UTC,-0.1,-3,L
2015-07-30 12:48:00 UTC,6.8,207,H
2015-07-30 18:24:00 UTC,-0.6,-18,L
2015-07-31 01:31:00 UTC,8.4,256,H
2015-07-31 07:12:00 UTC,-0.5,-15,L
2015-07-31 13:41:00 UTC,7.1,216,H
2015-07-31 19:16:00 UTC,-0.8,-24,L
2015-08-01 02:21:00 UTC,8.5,259,H
2015-08-01 08:01:00 UTC,-0.8,-24,L
2015-08-01 14:34:00 UTC,7.4,226,H
2015-08-01 20:09:00 UTC,-0.9,-27,L
2015-08-02 03:11:00 UTC,8.5,259,H
2015-08-02 08:49:00 UTC,-0.9,-27,L
2015-08-02 15:28:00 UTC,7.6,232,H
2015-08-02 21:02:00 UTC,-0.8,-24,L
2015-08-03 04:01:00 UTC,8.4,256,H
2015-08-03 09:38:00 UTC,-1.0,-30,L
2015-08-03 16:22:00 UTC,7.7,235,H
2015-08-03 21:57:00 UTC,-0.6,-18,L
2015-08-04 04:53:00 UTC,8.1,247,H
2015-08-04 10:29:00 UTC,-1.0,-30,L
2015-08-04 17:19:00 UTC,7.8,238,H
2015-08-04 22:53:00 UTC,-0.3,-9,L
2015-08-05 05:46:00 UTC,7.8,238,H
2015-08-05 11:21:00 UTC,-0.8,-24,L
2015-08-05 18:17:00 UTC,7.8,238,H
2015-08-05 23:53:00 UTC,0.1,3,L
2015-08-06 06:41:00 UTC,7.4,226,H
2015-08-06 12:15:00 UTC,-0.6,-18,L
2015-08-06 19:17:00 UTC,7.7,235,H
2015-08-07 00:55:00 UTC,0.4,12,L
2015-08-07 07:39:00 UTC,7.0,213,H
2015-08-07 13:11:00 UTC,-0.4,-12,L
2015-08-07 20:17:00 UTC,7.7,235,H
2015-08-08 01:59:00 UTC,0.6,18,L
2015-08-08 08:39:00 UTC,6.8,207,H
2015-08-08 14:10:00 UTC,-0.3,-9,L
2015-08-08 21:18:00 UTC,7.7,235,H
2015-08-09 03:02:00 UTC,0.7,21,L
2015-08-09 09:38:00 UTC,6.6,201,H
2015-08-09 15:08:00 UTC,-0.2,-6,L
2015-08-09 22:17:00 UTC,7.7,235,H
2015-08-10 04:01:00 UTC,0.7,21,L
2015-08-10 10:36:00 UTC,6.6,201,H
2015-08-10 16:05:00 UTC,-0.1,-3,L
2015-08-10 23:12:00 UTC,7.7,235,H
2015-08-11 04:56:00 UTC,0.6,18,L
2015-08-11 11:31:00 UTC,6.6,201,H
2015-08-11 16:58:00 UTC,-0.1,-3,L
2015-08-12 00:02:00 UTC,7.8,238,H
2015-08-12 05:46:00 UTC,0.5,15,L
2015-08-12 12:23:00 UTC,6.7,204,H
2015-08-12 17:48:00 UTC,-0.1,-3,L
2015-08-13 00:49:00 UTC,7.8,238,H
2015-08-13 06:33:00 UTC,0.4,12,L
2015-08-13 13:11:00 UTC,6.8,207,H
2015-08-13 18:35:00 UTC,0.0,0,L
2015-08-14 01:32:00 UTC,7.8,238,H
2015-08-14 07:15:00 UTC,0.3,9,L
2015-08-14 13:56:00 UTC,6.8,207,H
2015-08-14 19:19:00 UTC,0.1,3,L
2015-08-15 02:12:00 UTC,7.7,235,H
2015-08-15 07:55:00 UTC,0.4,12,L
2015-08-15 14:38:00 UTC,6.9,210,H
2015-08-15 20:01:00 UTC,0.2,6,L
2015-08-16 02:50:00 UTC,7.6,232,H
2015-08-16 08:32:00 UTC,0.4,12,L
2015-08-16 15:18:00 UTC,6.8,207,H
2015-08-16 20:41:00 UTC,0.4,12,L
2015-08-17 03:26:00 UTC,7.4,226,H
2015-08-17 09:07:00 UTC,0.5,15,L
2015-08-17 15:57:00 UTC,6.8,207,H
2015-08-17 21:20:00 UTC,0.7,21,L
2015-08-18 04:01:00 UTC,7.2,219,H
2015-08-18 09:40:00 UTC,0.6,18,L
2015-08-18 16:36:00 UTC,6.7,204,H
2015-08-18 21:59:00 UTC,0.9,27,L
2015-08-19 04:37:00 UTC,6.9,210,H
2015-08-19 10:14:00 UTC,0.8,24,L
2015-08-19 17:14:00 UTC,6.7,204,H
2015-08-19 22:40:00 UTC,1.2,37,L
2015-08-20 05:13:00 UTC,6.7,204,H
2015-08-20 10:49:00 UTC,0.8,24,L
2015-08-20 17:54:00 UTC,6.7,204,H
2015-08-20 23:24:00 UTC,1.4,43,L
2015-08-21 05:53:00 UTC,6.5,198,H
2015-08-21 11:29:00 UTC,0.9,27,L
2015-08-21 18:39:00 UTC,6.7,204,H
2015-08-22 00:14:00 UTC,1.5,46,L
2015-08-22 06:39:00 UTC,6.3,192,H
2015-08-22 12:15:00 UTC,0.9,27,L
2015-08-22 19:29:00 UTC,6.8,207,H
2015-08-23 01:09:00 UTC,1.5,46,L
2015-08-23 07:30:00 UTC,6.2,189,H
2015-08-23 13:08:00 UTC,0.9,27,L
2015-08-23 20:25:00 UTC,7.0,213,H
2015-08-24 02:08:00 UTC,1.4,43,L
2015-08-24 08:27:00 UTC,6.3,192,H
2015-08-24 14:07:00 UTC,0.7,21,L
2015-08-24 21:24:00 UTC,7.3,223,H
2015-08-25 03:08:00 UTC,1.2,37,L
2015-08-25 09:28:00 UTC,6.4,195,H
2015-08-25 15:08:00 UTC,0.5,15,L
2015-08-25 22:22:00 UTC,7.6,232,H
2015-08-26 04:07:00 UTC,0.8,24,L
2015-08-26 10:28:00 UTC,6.7,204,H
2015-08-26 16:10:00 UTC,0.2,6,L
2015-08-26 23:19:00 UTC,8.0,244,H
2015-08-27 05:02:00 UTC,0.4,12,L
2015-08-27 11:27:00 UTC,7.1,216,H
2015-08-27 17:08:00 UTC,-0.2,-6,L
2015-08-28 00:14:00 UTC,8.4,256,H
2015-08-28 05:55:00 UTC,-0.1,-3,L
2015-08-28 12:24:00 UTC,7.5,229,H
2015-08-28 18:05:00 UTC,-0.6,-18,L
2015-08-29 01:07:00 UTC,8.7,265,H
2015-08-29 06:46:00 UTC,-0.5,-15,L
2015-08-29 13:20:00 UTC,7.9,241,H
2015-08-29 19:00:00 UTC,-0.8,-24,L
2015-08-30 01:59:00 UTC,8.8,268,H
2015-08-30 07:35:00 UTC,-0.8,-24,L
2015-08-30 14:14:00 UTC,8.2,250,H
2015-08-30 19:54:00 UTC,-0.9,-27,L
2015-08-31 02:50:00 UTC,8.8,268,H
2015-08-31 08:24:00 UTC,-1.0,-30,L
2015-08-31 15:08:00 UTC,8.5,259,H
2015-08-31 20:47:00 UTC,-0.8,-24,L
2015-09-01 03:41:00 UTC,8.6,262,H
2015-09-01 09:14:00 UTC,-1.0,-30,L
2015-09-01 16:03:00 UTC,8.5,259,H
2015-09-01 21:42:00 UTC,-0.5,-15,L
2015-09-02 04:33:00 UTC,8.2,250,H
2015-09-02 10:04:00 UTC,-0.8,-24,L
2015-09-02 16:59:00 UTC,8.4,256,H
2015-09-02 22:38:00 UTC,-0.1,-3,L
2015-09-03 05:26:00 UTC,7.8,238,H
2015-09-03 10:56:00 UTC,-0.6,-18,L
2015-09-03 17:56:00 UTC,8.3,253,H
2015-09-03 23:36:00 UTC,0.3,9,L
2015-09-04 06:23:00 UTC,7.4,226,H
2015-09-04 11:51:00 UTC,-0.2,-6,L
2015-09-04 18:56:00 UTC,8.1,247,H
2015-09-05 00:37:00 UTC,0.7,21,L
2015-09-05 07:21:00 UTC,7.1,216,H
2015-09-05 12:49:00 UTC,0.1,3,L
2015-09-05 19:56:00 UTC,7.9,241,H
2015-09-06 01:39:00 UTC,0.9,27,L
2015-09-06 08:21:00 UTC,6.8,207,H
2015-09-06 13:48:00 UTC,0.3,9,L
2015-09-06 20:57:00 UTC,7.7,235,H
2015-09-07 02:41:00 UTC,1.1,34,L
2015-09-07 09:21:00 UTC,6.7,204,H
2015-09-07 14:48:00 UTC,0.5,15,L
2015-09-07 21:55:00 UTC,7.6,232,H
2015-09-08 03:39:00 UTC,1.1,34,L
2015-09-08 10:18:00 UTC,6.8,207,H
2015-09-08 15:45:00 UTC,0.5,15,L
2015-09-08 22:49:00 UTC,7.6,232,H
2015-09-09 04:32:00 UTC,1.0,30,L
2015-09-09 11:12:00 UTC,6.9,210,H
2015-09-09 16:39:00 UTC,0.5,15,L
2015-09-09 23:38:00 UTC,7.7,235,H
2015-09-10 05:20:00 UTC,0.8,24,L
2015-09-10 12:01:00 UTC,7.0,213,H
2015-09-10 17:28:00 UTC,0.4,12,L
2015-09-11 00:23:00 UTC,7.7,235,H
2015-09-11 06:04:00 UTC,0.7,21,L
2015-09-11 12:47:00 UTC,7.2,219,H
2015-09-11 18:13:00 UTC,0.4,12,L
2015-09-12 01:04:00 UTC,7.8,238,H
2015-09-12 06:44:00 UTC,0.6,18,L
2015-09-12 13:30:00 UTC,7.3,223,H
2015-09-12 18:56:00 UTC,0.4,12,L
2015-09-13 01:42:00 UTC,7.7,235,H
2015-09-13 07:21:00 UTC,0.6,18,L
2015-09-13 14:10:00 UTC,7.4,226,H
2015-09-13 19:36:00 UTC,0.5,15,L
2015-09-14 02:19:00 UTC,7.6,232,H
2015-09-14 07:56:00 UTC,0.6,18,L
2015-09-14 14:48:00 UTC,7.4,226,H
2015-09-14 20:15:00 UTC,0.7,21,L
2015-09-15 02:55:00 UTC,7.4,226,H
2015-09-15 08:30:00 UTC,0.7,21,L
2015-09-15 15:25:00 UTC,7.4,226,H
2015-09-15 20:53:00 UTC,0.8,24,L
2015-09-16 03:29:00 UTC,7.2,219,H
2015-09-16 09:02:00 UTC,0.8,24,L
2015-09-16 16:00:00 UTC,7.3,223,H
2015-09-16 21:31:00 UTC,1.0,30,L
2015-09-17 04:03:00 UTC,7.0,213,H
2015-09-17 09:35:00 UTC,0.9,27,L
2015-09-17 16:34:00 UTC,7.2,219,H
2015-09-17 22:11:00 UTC,1.2,37,L
2015-09-18 04:38:00 UTC,6.8,207,H
2015-09-18 10:11:00 UTC,1.0,30,L
2015-09-18 17:11:00 UTC,7.2,219,H
2015-09-18 22:53:00 UTC,1.4,43,L
2015-09-19 05:17:00 UTC,6.6,201,H
2015-09-19 10:52:00 UTC,1.1,34,L
2015-09-19 17:54:00 UTC,7.1,216,H
2015-09-19 23:41:00 UTC,1.5,46,L
2015-09-20 06:02:00 UTC,6.5,198,H
2015-09-20 11:39:00 UTC,1.1,34,L
2015-09-20 18:45:00 UTC,7.2,219,H
2015-09-21 00:36:00 UTC,1.6,49,L
2015-09-21 06:55:00 UTC,6.5,198,H
2015-09-21 12:34:00 UTC,1.1,34,L
2015-09-21 19:44:00 UTC,7.3,223,H
2015-09-22 01:35:00 UTC,1.5,46,L
2015-09-22 07:56:00 UTC,6.6,201,H
2015-09-22 13:37:00 UTC,1.0,30,L
2015-09-22 20:48:00 UTC,7.5,229,H
2015-09-23 02:37:00 UTC,1.2,37,L
2015-09-23 09:00:00 UTC,6.8,207,H
2015-09-23 14:43:00 UTC,0.7,21,L
2015-09-23 21:51:00 UTC,7.8,238,H
2015-09-24 03:37:00 UTC,0.8,24,L
2015-09-24 10:04:00 UTC,7.2,219,H
2015-09-24 15:48:00 UTC,0.4,12,L
2015-09-24 22:52:00 UTC,8.2,250,H
2015-09-25 04:34:00 UTC,0.3,9,L
2015-09-25 11:06:00 UTC,7.7,235,H
2015-09-25 16:50:00 UTC,0.0,0,L
2015-09-25 23:48:00 UTC,8.5,259,H
2015-09-26 05:27:00 UTC,-0.2,-6,L
2015-09-26 12:04:00 UTC,8.2,250,H
2015-09-26 17:48:00 UTC,-0.4,-12,L
2015-09-27 00:43:00 UTC,8.7,265,H
2015-09-27 06:19:00 UTC,-0.6,-18,L
2015-09-27 13:00:00 UTC,8.6,262,H
2015-09-27 18:44:00 UTC,-0.7,-21,L
2015-09-28 01:35:00 UTC,8.8,268,H
2015-09-28 07:09:00 UTC,-0.9,-27,L
2015-09-28 13:55:00 UTC,9.0,274,H
2015-09-28 19:38:00 UTC,-0.7,-21,L
2015-09-29 02:27:00 UTC,8.7,265,H
2015-09-29 07:59:00 UTC,-1.0,-30,L
2015-09-29 14:48:00 UTC,9.1,277,H
2015-09-29 20:31:00 UTC,-0.6,-18,L
2015-09-30 03:19:00 UTC,8.5,259,H
2015-09-30 08:49:00 UTC,-0.9,-27,L
2015-09-30 15:42:00 UTC,9.1,277,H
2015-09-30 21:25:00 UTC,-0.4,-12,L
2015-10-01 04:11:00 UTC,8.2,250,H
2015-10-01 09:39:00 UTC,-0.7,-21,L
2015-10-01 16:36:00 UTC,8.9,271,H
2015-10-01 22:20:00 UTC,0.0,0,L
2015-10-02 05:05:00 UTC,7.8,238,H
2015-10-02 10:31:00 UTC,-0.3,-9,L
2015-10-02 17:32:00 UTC,8.5,259,H
2015-10-02 23:16:00 UTC,0.5,15,L
2015-10-03 06:01:00 UTC,7.4,226,H
2015-10-03 11:26:00 UTC,0.1,3,L
2015-10-03 18:30:00 UTC,8.2,250,H
2015-10-04 00:14:00 UTC,0.9,27,L
2015-10-04 07:00:00 UTC,7.1,216,H
2015-10-04 12:23:00 UTC,0.6,18,L
2015-10-04 19:29:00 UTC,7.8,238,H
2015-10-05 01:14:00 UTC,1.2,37,L
2015-10-05 08:00:00 UTC,6.9,210,H
2015-10-05 13:23:00 UTC,0.9,27,L
2015-10-05 20:29:00 UTC,7.6,232,H
2015-10-06 02:14:00 UTC,1.3,40,L
2015-10-06 08:59:00 UTC,6.8,207,H
2015-10-06 14:23:00 UTC,1.0,30,L
2015-10-06 21:25:00 UTC,7.5,229,H
2015-10-07 03:11:00 UTC,1.3,40,L
2015-10-07 09:55:00 UTC,6.9,210,H
2015-10-07 15:21:00 UTC,1.0,30,L
2015-10-07 22:18:00 UTC,7.4,226,H
2015-10-08 04:02:00 UTC,1.2,37,L
2015-10-08 10:48:00 UTC,7.1,216,H
2015-10-08 16:15:00 UTC,1.0,30,L
2015-10-08 23:06:00 UTC,7.5,229,H
2015-10-09 04:49:00 UTC,1.1,34,L
2015-10-09 11:36:00 UTC,7.3,223,H
2015-10-09 17:04:00 UTC,0.9,27,L
2015-10-09 23:50:00 UTC,7.5,229,H
2015-10-10 05:31:00 UTC,0.9,27,L
2015-10-10 12:20:00 UTC,7.5,229,H
2015-10-10 17:49:00 UTC,0.7,21,L
2015-10-11 00:32:00 UTC,7.5,229,H
2015-10-11 06:10:00 UTC,0.8,24,L
2015-10-11 13:02:00 UTC,7.7,235,H
2015-10-11 18:31:00 UTC,0.7,21,L
2015-10-12 01:11:00 UTC,7.5,229,H
2015-10-12 06:46:00 UTC,0.7,21,L
2015-10-12 13:42:00 UTC,7.8,238,H
2015-10-12 19:11:00 UTC,0.7,21,L
2015-10-13 01:49:00 UTC,7.5,229,H
2015-10-13 07:21:00 UTC,0.7,21,L
2015-10-13 14:19:00 UTC,7.8,238,H
2015-10-13 19:50:00 UTC,0.7,21,L
2015-10-14 02:25:00 UTC,7.3,223,H
2015-10-14 07:55:00 UTC,0.7,21,L
2015-10-14 14:55:00 UTC,7.8,238,H
2015-10-14 20:28:00 UTC,0.8,24,L
2015-10-15 03:00:00 UTC,7.2,219,H
2015-10-15 08:28:00 UTC,0.8,24,L
2015-10-15 15:29:00 UTC,7.7,235,H
2015-10-15 21:07:00 UTC,0.9,27,L
2015-10-16 03:34:00 UTC,7.0,213,H
2015-10-16 09:03:00 UTC,0.9,27,L
2015-10-16 16:03:00 UTC,7.6,232,H
2015-10-16 21:46:00 UTC,1.1,34,L
2015-10-17 04:09:00 UTC,6.8,207,H
2015-10-17 09:41:00 UTC,0.9,27,L
2015-10-17 16:39:00 UTC,7.5,229,H
2015-10-17 22:29:00 UTC,1.2,37,L
2015-10-18 04:48:00 UTC,6.7,204,H
2015-10-18 10:23:00 UTC,1.0,30,L
2015-10-18 17:22:00 UTC,7.5,229,H
2015-10-18 23:17:00 UTC,1.3,40,L
2015-10-19 05:35:00 UTC,6.6,201,H
2015-10-19 11:13:00 UTC,1.1,34,L
2015-10-19 18:13:00 UTC,7.4,226,H
2015-10-20 00:10:00 UTC,1.3,40,L
2015-10-20 06:30:00 UTC,6.6,201,H
2015-10-20 12:10:00 UTC,1.1,34,L
2015-10-20 19:14:00 UTC,7.5,229,H
2015-10-21 01:08:00 UTC,1.2,37,L
2015-10-21 07:33:00 UTC,6.7,204,H
2015-10-21 13:14:00 UTC,1.0,30,L
2015-10-21 20:19:00 UTC,7.6,232,H
2015-10-22 02:09:00 UTC,1.0,30,L
2015-10-22 08:39:00 UTC,7.0,213,H
2015-10-22 14:23:00 UTC,0.8,24,L
2015-10-22 21:24:00 UTC,7.8,238,H
2015-10-23 03:09:00 UTC,0.6,18,L
2015-10-23 09:45:00 UTC,7.5,229,H
2015-10-23 15:30:00 UTC,0.5,15,L
2015-10-23 22:26:00 UTC,8.0,244,H
2015-10-24 04:07:00 UTC,0.1,3,L
2015-10-24 10:48:00 UTC,8.0,244,H
2015-10-24 16:33:00 UTC,0.1,3,L
2015-10-24 23:24:00 UTC,8.2,250,H
2015-10-25 05:01:00 UTC,-0.4,-12,L
2015-10-25 11:46:00 UTC,8.5,259,H
2015-10-25 17:32:00 UTC,-0.3,-9,L
2015-10-26 00:19:00 UTC,8.4,256,H
2015-10-26 05:54:00 UTC,-0.8,-24,L
2015-10-26 12:42:00 UTC,9.0,274,H
2015-10-26 18:28:00 UTC,-0.6,-18,L
2015-10-27 01:13:00 UTC,8.4,256,H
2015-10-27 06:45:00 UTC,-1.0,-30,L
2015-10-27 13:36:00 UTC,9.2,280,H
2015-10-27 19:22:00 UTC,-0.7,-21,L
2015-10-28 02:05:00 UTC,8.3,253,H
2015-10-28 07:35:00 UTC,-1.0,-30,L
2015-10-28 14:29:00 UTC,9.3,283,H
2015-10-28 20:15:00 UTC,-0.6,-18,L
2015-10-29 02:57:00 UTC,8.1,247,H
2015-10-29 08:25:00 UTC,-0.9,-27,L
2015-10-29 15:21:00 UTC,9.2,280,H
2015-10-29 21:07:00 UTC,-0.3,-9,L
2015-10-30 03:49:00 UTC,7.8,238,H
2015-10-30 09:15:00 UTC,-0.6,-18,L
2015-10-30 16:13:00 UTC,8.9,271,H
2015-10-30 21:59:00 UTC,0.0,0,L
2015-10-31 04:42:00 UTC,7.5,229,H
2015-10-31 10:06:00 UTC,-0.2,-6,L
2015-10-31 17:06:00 UTC,8.4,256,H
2015-10-31 22:52:00 UTC,0.4,12,L
2015-11-01 05:37:00 UTC,7.1,216,H
2015-11-01 10:59:00 UTC,0.3,9,L
2015-11-01 18:00:00 UTC,8.0,244,H
2015-11-01 23:47:00 UTC,0.8,24,L
2015-11-02 06:33:00 UTC,6.8,207,H
2015-11-02 11:54:00 UTC,0.7,21,L
2015-11-02 18:56:00 UTC,7.6,232,H
2015-11-03 00:43:00 UTC,1.1,34,L
2015-11-03 07:31:00 UTC,6.7,204,H
2015-11-03 12:52:00 UTC,1.1,34,L
2015-11-03 19:51:00 UTC,7.2,219,H
2015-11-04 01:39:00 UTC,1.3,40,L
2015-11-04 08:28:00 UTC,6.6,201,H
2015-11-04 13:52:00 UTC,1.3,40,L
2015-11-04 20:46:00 UTC,7.0,213,H
2015-11-05 02:33:00 UTC,1.3,40,L
2015-11-05 09:24:00 UTC,6.7,204,H
2015-11-05 14:50:00 UTC,1.3,40,L
2015-11-05 21:38:00 UTC,7.0,213,H
2015-11-06 03:24:00 UTC,1.2,37,L
2015-11-06 10:16:00 UTC,6.9,210,H
2015-11-06 15:44:00 UTC,1.2,37,L
2015-11-06 22:27:00 UTC,6.9,210,H
2015-11-07 04:10:00 UTC,1.0,30,L
2015-11-07 11:05:00 UTC,7.2,219,H
2015-11-07 16:34:00 UTC,1.1,34,L
2015-11-07 23:13:00 UTC,7.0,213,H
2015-11-08 04:53:00 UTC,0.8,24,L
2015-11-08 11:50:00 UTC,7.4,226,H
2015-11-08 17:21:00 UTC,0.9,27,L
2015-11-08 23:57:00 UTC,7.0,213,H
2015-11-09 05:32:00 UTC,0.7,21,L
2015-11-09 12:33:00 UTC,7.7,235,H
2015-11-09 18:04:00 UTC,0.7,21,L
2015-11-10 00:39:00 UTC,7.1,216,H
2015-11-10 06:10:00 UTC,0.5,15,L
2015-11-10 13:13:00 UTC,7.8,238,H
2015-11-10 18:46:00 UTC,0.6,18,L
2015-11-11 01:19:00 UTC,7.0,213,H
2015-11-11 06:47:00 UTC,0.4,12,L
2015-11-11 13:52:00 UTC,7.9,241,H
2015-11-11 19:26:00 UTC,0.5,15,L
2015-11-12 01:57:00 UTC,7.0,213,H
2015-11-12 07:24:00 UTC,0.4,12,L
2015-11-12 14:29:00 UTC,7.9,241,H
2015-11-12 20:05:00 UTC,0.5,15,L
2015-11-13 02:33:00 UTC,6.9,210,H
2015-11-13 08:00:00 UTC,0.4,12,L
2015-11-13 15:04:00 UTC,7.8,238,H
2015-11-13 20:45:00 UTC,0.5,15,L
2015-11-14 03:09:00 UTC,6.8,207,H
2015-11-14 08:38:00 UTC,0.4,12,L
2015-11-14 15:40:00 UTC,7.8,238,H
2015-11-14 21:25:00 UTC,0.6,18,L
2015-11-15 03:47:00 UTC,6.6,201,H
2015-11-15 09:19:00 UTC,0.5,15,L
2015-11-15 16:18:00 UTC,7.7,235,H
2015-11-15 22:09:00 UTC,0.7,21,L
2015-11-16 04:29:00 UTC,6.6,201,H
2015-11-16 10:04:00 UTC,0.6,18,L
2015-11-16 17:02:00 UTC,7.6,232,H
2015-11-16 22:56:00 UTC,0.7,21,L
2015-11-17 05:17:00 UTC,6.5,198,H
2015-11-17 10:55:00 UTC,0.6,18,L
2015-11-17 17:53:00 UTC,7.5,229,H
2015-11-17 23:48:00 UTC,0.7,21,L
2015-11-18 06:13:00 UTC,6.6,201,H
2015-11-18 11:52:00 UTC,0.7,21,L
2015-11-18 18:51:00 UTC,7.4,226,H
2015-11-19 00:44:00 UTC,0.6,18,L
2015-11-19 07:16:00 UTC,6.7,204,H
2015-11-19 12:57:00 UTC,0.7,21,L
2015-11-19 19:55:00 UTC,7.4,226,H
2015-11-20 01:43:00 UTC,0.4,12,L
2015-11-20 08:22:00 UTC,7.0,213,H
2015-11-20 14:06:00 UTC,0.6,18,L
2015-11-20 20:59:00 UTC,7.4,226,H
2015-11-21 02:43:00 UTC,0.1,3,L
2015-11-21 09:28:00 UTC,7.4,226,H
2015-11-21 15:14:00 UTC,0.4,12,L
2015-11-21 22:02:00 UTC,7.5,229,H
2015-11-22 03:42:00 UTC,-0.3,-9,L
2015-11-22 10:31:00 UTC,7.9,241,H
2015-11-22 16:18:00 UTC,0.0,0,L
2015-11-22 23:02:00 UTC,7.6,232,H
2015-11-23 04:38:00 UTC,-0.7,-21,L
2015-11-23 11:31:00 UTC,8.4,256,H
2015-11-23 17:18:00 UTC,-0.3,-9,L
2015-11-23 23:59:00 UTC,7.7,235,H
2015-11-24 05:31:00 UTC,-1.0,-30,L
2015-11-24 12:27:00 UTC,8.7,265,H
2015-11-24 18:14:00 UTC,-0.5,-15,L
2015-11-25 00:53:00 UTC,7.7,235,H
2015-11-25 06:23:00 UTC,-1.2,-37,L
2015-11-25 13:20:00 UTC,8.9,271,H
2015-11-25 19:07:00 UTC,-0.7,-21,L
2015-11-26 01:46:00 UTC,7.7,235,H
2015-11-26 07:14:00 UTC,-1.2,-37,L
2015-11-26 14:12:00 UTC,8.9,271,H
2015-11-26 19:58:00 UTC,-0.6,-18,L
2015-11-27 02:37:00 UTC,7.5,229,H
2015-11-27 08:03:00 UTC,-1.0,-30,L
2015-11-27 15:02:00 UTC,8.8,268,H
2015-11-27 20:48:00 UTC,-0.4,-12,L
2015-11-28 03:28:00 UTC,7.3,223,H
2015-11-28 08:52:00 UTC,-0.7,-21,L
2015-11-28 15:51:00 UTC,8.4,256,H
2015-11-28 21:37:00 UTC,-0.2,-6,L
2015-11-29 04:18:00 UTC,7.0,213,H
2015-11-29 09:41:00 UTC,-0.3,-9,L
2015-11-29 16:39:00 UTC,8.0,244,H
2015-11-29 22:26:00 UTC,0.2,6,L
2015-11-30 05:09:00 UTC,6.7,204,H
2015-11-30 10:31:00 UTC,0.1,3,L
2015-11-30 17:28:00 UTC,7.6,232,H
2015-11-30 23:15:00 UTC,0.5,15,L
2015-12-01 06:01:00 UTC,6.5,198,H
2015-12-01 11:22:00 UTC,0.6,18,L
2015-12-01 18:16:00 UTC,7.1,216,H
2015-12-02 00:04:00 UTC,0.8,24,L
2015-12-02 06:54:00 UTC,6.3,192,H
2015-12-02 12:15:00 UTC,0.9,27,L
2015-12-02 19:06:00 UTC,6.8,207,H
2015-12-03 00:55:00 UTC,1.0,30,L
2015-12-03 07:49:00 UTC,6.2,189,H
2015-12-03 13:12:00 UTC,1.2,37,L
2015-12-03 19:57:00 UTC,6.5,198,H
2015-12-04 01:45:00 UTC,1.1,34,L
2015-12-04 08:43:00 UTC,6.3,192,H
2015-12-04 14:09:00 UTC,1.3,40,L
2015-12-04 20:49:00 UTC,6.3,192,H
2015-12-05 02:35:00 UTC,1.0,30,L
2015-12-05 09:37:00 UTC,6.5,198,H
2015-12-05 15:05:00 UTC,1.2,37,L
2015-12-05 21:41:00 UTC,6.3,192,H
2015-12-06 03:23:00 UTC,0.9,27,L
2015-12-06 10:27:00 UTC,6.7,204,H
2015-12-06 15:59:00 UTC,1.1,34,L
2015-12-06 22:31:00 UTC,6.3,192,H
2015-12-07 04:09:00 UTC,0.7,21,L
2015-12-07 11:16:00 UTC,7.0,213,H
2015-12-07 16:48:00 UTC,0.8,24,L
2015-12-07 23:19:00 UTC,6.3,192,H
2015-12-08 04:53:00 UTC,0.5,15,L
2015-12-08 12:01:00 UTC,7.3,223,H
2015-12-08 17:34:00 UTC,0.6,18,L
2015-12-09 00:04:00 UTC,6.4,195,H
2015-12-09 05:35:00 UTC,0.2,6,L
2015-12-09 12:45:00 UTC,7.5,229,H
2015-12-09 18:18:00 UTC,0.4,12,L
2015-12-10 00:48:00 UTC,6.5,198,H
2015-12-10 06:16:00 UTC,0.0,0,L
2015-12-10 13:26:00 UTC,7.6,232,H
2015-12-10 19:00:00 UTC,0.2,6,L
2015-12-11 01:30:00 UTC,6.5,198,H
2015-12-11 06:56:00 UTC,-0.1,-3,L
2015-12-11 14:05:00 UTC,7.7,235,H
2015-12-11 19:42:00 UTC,0.0,0,L
2015-12-12 02:10:00 UTC,6.5,198,H
2015-12-12 07:37:00 UTC,-0.2,-6,L
2015-12-12 14:44:00 UTC,7.8,238,H
2015-12-12 20:23:00 UTC,-0.1,-3,L
2015-12-13 02:49:00 UTC,6.6,201,H
2015-12-13 08:19:00 UTC,-0.3,-9,L
2015-12-13 15:23:00 UTC,7.8,238,H
2015-12-13 21:06:00 UTC,-0.1,-3,L
2015-12-14 03:30:00 UTC,6.6,201,H
2015-12-14 09:03:00 UTC,-0.2,-6,L
2015-12-14 16:04:00 UTC,7.7,235,H
2015-12-14 21:50:00 UTC,-0.1,-3,L
2015-12-15 04:15:00 UTC,6.6,201,H
2015-12-15 09:50:00 UTC,-0.2,-6,L
2015-12-15 16:49:00 UTC,7.6,232,H
2015-12-15 22:37:00 UTC,-0.1,-3,L
2015-12-16 05:04:00 UTC,6.6,201,H
2015-12-16 10:42:00 UTC,0.0,0,L
2015-12-16 17:38:00 UTC,7.4,226,H
2015-12-16 23:27:00 UTC,-0.1,-3,L
2015-12-17 06:00:00 UTC,6.6,201,H
2015-12-17 11:39:00 UTC,0.1,3,L
2015-12-17 18:34:00 UTC,7.2,219,H
2015-12-18 00:21:00 UTC,-0.2,-6,L
2015-12-18 07:01:00 UTC,6.8,207,H
2015-12-18 12:43:00 UTC,0.3,9,L
2015-12-18 19:34:00 UTC,7.0,213,H
2015-12-19 01:19:00 UTC,-0.3,-9,L
2015-12-19 08:06:00 UTC,7.0,213,H
2015-12-19 13:51:00 UTC,0.3,9,L
2015-12-19 20:37:00 UTC,6.8,207,H
2015-12-20 02:19:00 UTC,-0.4,-12,L
2015-12-20 09:12:00 UTC,7.2,219,H
2015-12-20 14:59:00 UTC,0.2,6,L
2015-12-20 21:41:00 UTC,6.8,207,H
2015-12-21 03:18:00 UTC,-0.6,-18,L
2015-12-21 10:16:00 UTC,7.6,232,H
2015-12-21 16:04:00 UTC,0.0,0,L
2015-12-21 22:43:00 UTC,6.8,207,H
2015-12-22 04:16:00 UTC,-0.9,-27,L
2015-12-22 11:17:00 UTC,7.9,241,H
2015-12-22 17:04:00 UTC,-0.3,-9,L
2015-12-22 23:42:00 UTC,6.9,210,H
2015-12-23 05:12:00 UTC,-1.1,-34,L
2015-12-23 12:13:00 UTC,8.2,250,H
2015-12-23 17:59:00 UTC,-0.5,-15,L
2015-12-24 00:37:00 UTC,7.0,213,H
2015-12-24 06:05:00 UTC,-1.2,-37,L
2015-12-24 13:07:00 UTC,8.3,253,H
2015-12-24 18:51:00 UTC,-0.7,-21,L
2015-12-25 01:30:00 UTC,7.0,213,H
2015-12-25 06:56:00 UTC,-1.3,-40,L
2015-12-25 13:56:00 UTC,8.3,253,H
2015-12-25 19:41:00 UTC,-0.7,-21,L
2015-12-26 02:20:00 UTC,7.0,213,H
2015-12-26 07:44:00 UTC,-1.1,-34,L
2015-12-26 14:44:00 UTC,8.2,250,H
2015-12-26 20:28:00 UTC,-0.6,-18,L
2015-12-27 03:07:00 UTC,6.8,207,H
2015-12-27 08:31:00 UTC,-0.9,-27,L
2015-12-27 15:28:00 UTC,7.9,241,H
2015-12-27 21:13:00 UTC,-0.4,-12,L
2015-12-28 03:54:00 UTC,6.7,204,H
2015-12-28 09:17:00 UTC,-0.6,-18,L
2015-12-28 16:11:00 UTC,7.5,229,H
2015-12-28 21:56:00 UTC,-0.1,-3,L
2015-12-29 04:39:00 UTC,6.4,195,H
2015-12-29 10:02:00 UTC,-0.2,-6,L
2015-12-29 16:53:00 UTC,7.1,216,H
2015-12-29 22:39:00 UTC,0.2,6,L
2015-12-30 05:25:00 UTC,6.2,189,H
2015-12-30 10:48:00 UTC,0.3,9,L
2015-12-30 17:36:00 UTC,6.7,204,H
2015-12-30 23:21:00 UTC,0.4,12,L
2015-12-31 06:12:00 UTC,6.1,186,H
2015-12-31 11:36:00 UTC,0.6,18,L
2015-12-31 18:19:00 UTC,6.4,195,H
