time,feet,centimeters,tide
2014-12-30 23:06:00 UTC,0.0,0,L
2014-12-31 03:57:00 UTC,0.9,27,H
2014-12-31 10:41:00 UTC,-0.5,-15,L
2014-12-31 17:09:00 UTC,1.4,43,H
2015-01-01 00:12:00 UTC,0.0,0,L
2015-01-01 04:55:00 UTC,0.9,27,H
2015-01-01 11:34:00 UTC,-0.5,-15,L
2015-01-01 18:09:00 UTC,1.4,43,H
2015-01-02 01:13:00 UTC,0.0,0,L
2015-01-02 05:50:00 UTC,0.8,24,H
2015-01-02 12:22:00 UTC,-0.6,-18,L
2015-01-02 19:02:00 UTC,1.5,46,H
2015-01-03 02:08:00 UTC,-0.1,-3,L
2015-01-03 06:43:00 UTC,0.8,24,H
2015-01-03 13:08:00 UTC,-0.6,-18,L
2015-01-03 19:50:00 UTC,1.5,46,H
2015-01-04 02:56:00 UTC,-0.1,-3,L
2015-01-04 07:33:00 UTC,0.8,24,H
2015-01-04 13:52:00 UTC,-0.5,-15,L
2015-01-04 20:34:00 UTC,1.5,46,H
2015-01-05 03:40:00 UTC,-0.1,-3,L
2015-01-05 08:19:00 UTC,0.8,24,H
2015-01-05 14:34:00 UTC,-0.5,-15,L
2015-01-05 21:15:00 UTC,1.4,43,H
2015-01-06 04:20:00 UTC,-0.1,-3,L
2015-01-06 09:04:00 UTC,0.8,24,H
2015-01-06 15:15:00 UTC,-0.5,-15,L
2015-01-06 21:53:00 UTC,1.4,43,H
2015-01-07 04:56:00 UTC,-0.1,-3,L
2015-01-07 09:48:00 UTC,0.8,24,H
2015-01-07 15:56:00 UTC,-0.4,-12,L
2015-01-07 22:30:00 UTC,1.3,40,H
2015-01-08 05:29:00 UTC,-0.1,-3,L
2015-01-08 10:31:00 UTC,0.8,24,H
2015-01-08 16:37:00 UTC,-0.3,-9,L
2015-01-08 23:05:00 UTC,1.3,40,H
2015-01-09 06:00:00 UTC,-0.1,-3,L
2015-01-09 11:15:00 UTC,0.8,24,H
2015-01-09 17:20:00 UTC,-0.2,-6,L
2015-01-09 23:41:00 UTC,1.2,37,H
2015-01-10 06:32:00 UTC,-0.1,-3,L
2015-01-10 12:01:00 UTC,0.9,27,H
2015-01-10 18:06:00 UTC,-0.1,-3,L
2015-01-11 00:18:00 UTC,1.1,34,H
2015-01-11 07:06:00 UTC,-0.2,-6,L
2015-01-11 12:49:00 UTC,0.9,27,H
2015-01-11 18:59:00 UTC,0.0,0,L
2015-01-12 00:57:00 UTC,1.1,34,H
2015-01-12 07:42:00 UTC,-0.3,-9,L
2015-01-12 13:40:00 UTC,0.9,27,H
2015-01-12 20:00:00 UTC,0.1,3,L
2015-01-13 01:40:00 UTC,1.0,30,H
2015-01-13 08:22:00 UTC,-0.3,-9,L
2015-01-13 14:33:00 UTC,1.0,30,H
2015-01-13 21:09:00 UTC,0.1,3,L
2015-01-14 02:27:00 UTC,0.9,27,H
2015-01-14 09:05:00 UTC,-0.4,-12,L
2015-01-14 15:28:00 UTC,1.1,34,H
2015-01-14 22:23:00 UTC,0.2,6,L
2015-01-15 03:18:00 UTC,0.8,24,H
2015-01-15 09:51:00 UTC,-0.4,-12,L
2015-01-15 16:23:00 UTC,1.2,37,H
2015-01-15 23:32:00 UTC,0.1,3,L
2015-01-16 04:13:00 UTC,0.7,21,H
2015-01-16 10:40:00 UTC,-0.5,-15,L
2015-01-16 17:17:00 UTC,1.3,40,H
2015-01-17 00:33:00 UTC,0.0,0,L
2015-01-17 05:10:00 UTC,0.7,21,H
2015-01-17 11:32:00 UTC,-0.5,-15,L
2015-01-17 18:10:00 UTC,1.4,43,H
2015-01-18 01:28:00 UTC,0.0,0,L
2015-01-18 06:06:00 UTC,0.7,21,H
2015-01-18 12:25:00 UTC,-0.6,-18,L
2015-01-18 19:01:00 UTC,1.5,46,H
2015-01-19 02:17:00 UTC,-0.1,-3,L
2015-01-19 07:00:00 UTC,0.8,24,H
2015-01-19 13:19:00 UTC,-0.7,-21,L
2015-01-19 19:52:00 UTC,1.5,46,H
2015-01-20 03:04:00 UTC,-0.2,-6,L
2015-01-20 07:54:00 UTC,0.8,24,H
2015-01-20 14:14:00 UTC,-0.7,-21,L
2015-01-20 20:42:00 UTC,1.6,49,H
2015-01-21 03:48:00 UTC,-0.3,-9,L
2015-01-21 08:47:00 UTC,0.9,27,H
2015-01-21 15:09:00 UTC,-0.7,-21,L
2015-01-21 21:31:00 UTC,1.6,49,H
2015-01-22 04:33:00 UTC,-0.3,-9,L
2015-01-22 09:40:00 UTC,1.0,30,H
2015-01-22 16:06:00 UTC,-0.7,-21,L
2015-01-22 22:20:00 UTC,1.5,46,H
2015-01-23 05:17:00 UTC,-0.4,-12,L
2015-01-23 10:35:00 UTC,1.1,34,H
2015-01-23 17:05:00 UTC,-0.6,-18,L
2015-01-23 23:09:00 UTC,1.4,43,H
2015-01-24 06:02:00 UTC,-0.4,-12,L
2015-01-24 11:32:00 UTC,1.1,34,H
2015-01-24 18:07:00 UTC,-0.5,-15,L
2015-01-24 23:59:00 UTC,1.3,40,H
2015-01-25 06:49:00 UTC,-0.5,-15,L
2015-01-25 12:31:00 UTC,1.2,37,H
2015-01-25 19:14:00 UTC,-0.3,-9,L
2015-01-26 00:50:00 UTC,1.2,37,H
2015-01-26 07:38:00 UTC,-0.5,-15,L
2015-01-26 13:33:00 UTC,1.2,37,H
2015-01-26 20:26:00 UTC,-0.2,-6,L
2015-01-27 01:43:00 UTC,1.0,30,H
2015-01-27 08:29:00 UTC,-0.5,-15,L
2015-01-27 14:38:00 UTC,1.2,37,H
2015-01-27 21:40:00 UTC,-0.1,-3,L
2015-01-28 02:38:00 UTC,0.9,27,H
2015-01-28 09:22:00 UTC,-0.5,-15,L
2015-01-28 15:45:00 UTC,1.3,40,H
2015-01-28 22:51:00 UTC,0.0,0,L
2015-01-29 03:36:00 UTC,0.8,24,H
2015-01-29 10:17:00 UTC,-0.5,-15,L
2015-01-29 16:51:00 UTC,1.3,40,H
2015-01-29 23:57:00 UTC,0.0,0,L
2015-01-30 04:35:00 UTC,0.8,24,H
2015-01-30 11:12:00 UTC,-0.5,-15,L
2015-01-30 17:53:00 UTC,1.3,40,H
2015-01-31 00:55:00 UTC,0.0,0,L
2015-01-31 05:32:00 UTC,0.8,24,H
2015-01-31 12:05:00 UTC,-0.5,-15,L
2015-01-31 18:48:00 UTC,1.3,40,H
2015-02-01 01:46:00 UTC,0.0,0,L
2015-02-01 06:25:00 UTC,0.8,24,H
2015-02-01 12:55:00 UTC,-0.5,-15,L
2015-02-01 19:36:00 UTC,1.3,40,H
2015-02-02 02:31:00 UTC,-0.1,-3,L
2015-02-02 07:14:00 UTC,0.8,24,H
2015-02-02 13:41:00 UTC,-0.5,-15,L
2015-02-02 20:18:00 UTC,1.3,40,H
2015-02-03 03:10:00 UTC,-0.1,-3,L
2015-02-03 08:00:00 UTC,0.9,27,H
2015-02-03 14:24:00 UTC,-0.5,-15,L
2015-02-03 20:55:00 UTC,1.3,40,H
2015-02-04 03:45:00 UTC,-0.1,-3,L
2015-02-04 08:43:00 UTC,0.9,27,H
2015-02-04 15:05:00 UTC,-0.4,-12,L
2015-02-04 21:30:00 UTC,1.3,40,H
2015-02-05 04:15:00 UTC,-0.1,-3,L
2015-02-05 09:24:00 UTC,0.9,27,H
2015-02-05 15:44:00 UTC,-0.4,-12,L
2015-02-05 22:03:00 UTC,1.2,37,H
2015-02-06 04:44:00 UTC,-0.1,-3,L
2015-02-06 10:05:00 UTC,0.9,27,H
2015-02-06 16:23:00 UTC,-0.3,-9,L
2015-02-06 22:35:00 UTC,1.2,37,H
2015-02-07 05:12:00 UTC,-0.1,-3,L
2015-02-07 10:45:00 UTC,1.0,30,H
2015-02-07 17:04:00 UTC,-0.2,-6,L
2015-02-07 23:09:00 UTC,1.2,37,H
2015-02-08 05:41:00 UTC,-0.2,-6,L
2015-02-08 11:26:00 UTC,1.0,30,H
2015-02-08 17:48:00 UTC,-0.1,-3,L
2015-02-08 23:44:00 UTC,1.1,34,H
2015-02-09 06:13:00 UTC,-0.2,-6,L
2015-02-09 12:09:00 UTC,1.0,30,H
2015-02-09 18:37:00 UTC,0.0,0,L
2015-02-10 00:22:00 UTC,1.0,30,H
2015-02-10 06:49:00 UTC,-0.3,-9,L
2015-02-10 12:55:00 UTC,1.1,34,H
2015-02-10 19:33:00 UTC,0.1,3,L
2015-02-11 01:04:00 UTC,1.0,30,H
2015-02-11 07:29:00 UTC,-0.3,-9,L
2015-02-11 13:45:00 UTC,1.1,34,H
2015-02-11 20:39:00 UTC,0.1,3,L
2015-02-12 01:52:00 UTC,0.9,27,H
2015-02-12 08:15:00 UTC,-0.3,-9,L
2015-02-12 14:39:00 UTC,1.2,37,H
2015-02-12 21:50:00 UTC,0.2,6,L
2015-02-13 02:46:00 UTC,0.8,24,H
2015-02-13 09:08:00 UTC,-0.3,-9,L
2015-02-13 15:37:00 UTC,1.2,37,H
2015-02-13 22:58:00 UTC,0.1,3,L
2015-02-14 03:44:00 UTC,0.8,24,H
2015-02-14 10:06:00 UTC,-0.4,-12,L
2015-02-14 16:37:00 UTC,1.3,40,H
2015-02-14 23:59:00 UTC,0.1,3,L
2015-02-15 04:44:00 UTC,0.8,24,H
2015-02-15 11:07:00 UTC,-0.4,-12,L
2015-02-15 17:38:00 UTC,1.4,43,H
2015-02-16 00:53:00 UTC,0.0,0,L
2015-02-16 05:42:00 UTC,0.9,27,H
2015-02-16 12:09:00 UTC,-0.5,-15,L
2015-02-16 18:35:00 UTC,1.5,46,H
2015-02-17 01:42:00 UTC,-0.1,-3,L
2015-02-17 06:39:00 UTC,1.0,30,H
2015-02-17 13:10:00 UTC,-0.6,-18,L
2015-02-17 19:30:00 UTC,1.5,46,H
2015-02-18 02:28:00 UTC,-0.1,-3,L
2015-02-18 07:34:00 UTC,1.1,34,H
2015-02-18 14:08:00 UTC,-0.6,-18,L
2015-02-18 20:22:00 UTC,1.5,46,H
2015-02-19 03:12:00 UTC,-0.2,-6,L
2015-02-19 08:28:00 UTC,1.2,37,H
2015-02-19 15:06:00 UTC,-0.6,-18,L
2015-02-19 21:11:00 UTC,1.5,46,H
2015-02-20 03:55:00 UTC,-0.3,-9,L
2015-02-20 09:22:00 UTC,1.3,40,H
2015-02-20 16:04:00 UTC,-0.6,-18,L
2015-02-20 22:00:00 UTC,1.5,46,H
2015-02-21 04:39:00 UTC,-0.3,-9,L
2015-02-21 10:16:00 UTC,1.4,43,H
2015-02-21 17:02:00 UTC,-0.5,-15,L
2015-02-21 22:48:00 UTC,1.4,43,H
2015-02-22 05:23:00 UTC,-0.4,-12,L
2015-02-22 11:11:00 UTC,1.5,46,H
2015-02-22 18:03:00 UTC,-0.3,-9,L
2015-02-22 23:37:00 UTC,1.3,40,H
2015-02-23 06:10:00 UTC,-0.4,-12,L
2015-02-23 12:08:00 UTC,1.5,46,H
2015-02-23 19:07:00 UTC,-0.2,-6,L
2015-02-24 00:27:00 UTC,1.2,37,H
2015-02-24 06:59:00 UTC,-0.4,-12,L
2015-02-24 13:08:00 UTC,1.4,43,H
2015-02-24 20:14:00 UTC,0.0,0,L
2015-02-25 01:20:00 UTC,1.1,34,H
2015-02-25 07:52:00 UTC,-0.3,-9,L
2015-02-25 14:10:00 UTC,1.4,43,H
2015-02-25 21:23:00 UTC,0.1,3,L
2015-02-26 02:17:00 UTC,1.0,30,H
2015-02-26 08:50:00 UTC,-0.3,-9,L
2015-02-26 15:16:00 UTC,1.4,43,H
2015-02-26 22:29:00 UTC,0.1,3,L
2015-02-27 03:16:00 UTC,0.9,27,H
2015-02-27 09:51:00 UTC,-0.2,-6,L
2015-02-27 16:24:00 UTC,1.3,40,H
2015-02-27 23:31:00 UTC,0.2,6,L
2015-02-28 04:16:00 UTC,0.9,27,H
2015-02-28 10:53:00 UTC,-0.2,-6,L
2015-02-28 17:28:00 UTC,1.3,40,H
2015-03-01 00:25:00 UTC,0.2,6,L
2015-03-01 05:13:00 UTC,1.0,30,H
2015-03-01 11:51:00 UTC,-0.2,-6,L
2015-03-01 18:25:00 UTC,1.3,40,H
2015-03-02 01:12:00 UTC,0.2,6,L
2015-03-02 06:07:00 UTC,1.0,30,H
2015-03-02 12:44:00 UTC,-0.2,-6,L
2015-03-02 19:12:00 UTC,1.3,40,H
2015-03-03 01:53:00 UTC,0.2,6,L
2015-03-03 06:55:00 UTC,1.1,34,H
2015-03-03 13:31:00 UTC,-0.2,-6,L
2015-03-03 19:52:00 UTC,1.3,40,H
2015-03-04 02:29:00 UTC,0.1,3,L
2015-03-04 07:40:00 UTC,1.1,34,H
2015-03-04 14:15:00 UTC,-0.2,-6,L
2015-03-04 20:28:00 UTC,1.3,40,H
2015-03-05 03:00:00 UTC,0.1,3,L
2015-03-05 08:22:00 UTC,1.2,37,H
2015-03-05 14:55:00 UTC,-0.2,-6,L
2015-03-05 21:01:00 UTC,1.3,40,H
2015-03-06 03:28:00 UTC,0.1,3,L
2015-03-06 09:01:00 UTC,1.2,37,H
2015-03-06 15:34:00 UTC,-0.1,-3,L
2015-03-06 21:33:00 UTC,1.3,40,H
2015-03-07 03:55:00 UTC,0.1,3,L
2015-03-07 09:38:00 UTC,1.3,40,H
2015-03-07 16:14:00 UTC,-0.1,-3,L
2015-03-07 22:05:00 UTC,1.3,40,H
2015-03-08 04:23:00 UTC,0.0,0,L
2015-03-08 10:15:00 UTC,1.3,40,H
2015-03-08 16:54:00 UTC,0.0,0,L
2015-03-08 22:39:00 UTC,1.2,37,H
2015-03-09 04:53:00 UTC,0.0,0,L
2015-03-09 10:52:00 UTC,1.4,43,H
2015-03-09 17:37:00 UTC,0.1,3,L
2015-03-09 23:15:00 UTC,1.2,37,H
2015-03-10 05:26:00 UTC,0.0,0,L
2015-03-10 11:32:00 UTC,1.4,43,H
2015-03-10 18:25:00 UTC,0.2,6,L
2015-03-10 23:55:00 UTC,1.1,34,H
2015-03-11 06:03:00 UTC,0.0,0,L
2015-03-11 12:15:00 UTC,1.4,43,H
2015-03-11 19:18:00 UTC,0.2,6,L
2015-03-12 00:39:00 UTC,1.1,34,H
2015-03-12 06:46:00 UTC,0.0,0,L
2015-03-12 13:04:00 UTC,1.5,46,H
2015-03-12 20:18:00 UTC,0.3,9,L
2015-03-13 01:29:00 UTC,1.1,34,H
2015-03-13 07:36:00 UTC,0.0,0,L
2015-03-13 13:59:00 UTC,1.5,46,H
2015-03-13 21:21:00 UTC,0.3,9,L
2015-03-14 02:25:00 UTC,1.0,30,H
2015-03-14 08:36:00 UTC,0.0,0,L
2015-03-14 15:00:00 UTC,1.5,46,H
2015-03-14 22:23:00 UTC,0.3,9,L
2015-03-15 03:24:00 UTC,1.1,34,H
2015-03-15 09:44:00 UTC,0.0,0,L
2015-03-15 16:04:00 UTC,1.5,46,H
2015-03-15 23:21:00 UTC,0.3,9,L
2015-03-16 04:25:00 UTC,1.2,37,H
2015-03-16 10:54:00 UTC,-0.1,-3,L
2015-03-16 17:08:00 UTC,1.5,46,H
2015-03-17 00:14:00 UTC,0.2,6,L
2015-03-17 05:24:00 UTC,1.3,40,H
2015-03-17 12:02:00 UTC,-0.2,-6,L
2015-03-17 18:09:00 UTC,1.6,49,H
2015-03-18 01:03:00 UTC,0.1,3,L
2015-03-18 06:22:00 UTC,1.4,43,H
2015-03-18 13:05:00 UTC,-0.2,-6,L
2015-03-18 19:05:00 UTC,1.6,49,H
2015-03-19 01:48:00 UTC,0.1,3,L
2015-03-19 07:17:00 UTC,1.6,49,H
2015-03-19 14:06:00 UTC,-0.3,-9,L
2015-03-19 19:58:00 UTC,1.6,49,H
2015-03-20 02:32:00 UTC,0.0,0,L
2015-03-20 08:11:00 UTC,1.7,52,H
2015-03-20 15:04:00 UTC,-0.3,-9,L
2015-03-20 20:48:00 UTC,1.6,49,H
2015-03-21 03:16:00 UTC,-0.1,-3,L
2015-03-21 09:04:00 UTC,1.8,55,H
2015-03-21 16:01:00 UTC,-0.2,-6,L
2015-03-21 21:36:00 UTC,1.5,46,H
2015-03-22 03:59:00 UTC,-0.1,-3,L
2015-03-22 09:57:00 UTC,1.9,58,H
2015-03-22 16:58:00 UTC,-0.1,-3,L
2015-03-22 22:25:00 UTC,1.4,43,H
2015-03-23 04:44:00 UTC,-0.1,-3,L
2015-03-23 10:49:00 UTC,1.9,58,H
2015-03-23 17:56:00 UTC,0.0,0,L
2015-03-23 23:14:00 UTC,1.4,43,H
2015-03-24 05:30:00 UTC,-0.1,-3,L
2015-03-24 11:43:00 UTC,1.8,55,H
2015-03-24 18:56:00 UTC,0.1,3,L
2015-03-25 00:05:00 UTC,1.3,40,H
2015-03-25 06:20:00 UTC,0.0,0,L
2015-03-25 12:39:00 UTC,1.7,52,H
2015-03-25 19:57:00 UTC,0.2,6,L
2015-03-26 00:59:00 UTC,1.2,37,H
2015-03-26 07:16:00 UTC,0.1,3,L
2015-03-26 13:38:00 UTC,1.6,49,H
2015-03-26 20:58:00 UTC,0.3,9,L
2015-03-27 01:56:00 UTC,1.2,37,H
2015-03-27 08:18:00 UTC,0.2,6,L
2015-03-27 14:40:00 UTC,1.5,46,H
2015-03-27 21:58:00 UTC,0.4,12,L
2015-03-28 02:55:00 UTC,1.2,37,H
2015-03-28 09:25:00 UTC,0.2,6,L
2015-03-28 15:46:00 UTC,1.5,46,H
2015-03-28 22:53:00 UTC,0.4,12,L
2015-03-29 03:55:00 UTC,1.2,37,H
2015-03-29 10:31:00 UTC,0.2,6,L
2015-03-29 16:49:00 UTC,1.4,43,H
2015-03-29 23:43:00 UTC,0.4,12,L
2015-03-30 04:52:00 UTC,1.3,40,H
2015-03-30 11:33:00 UTC,0.2,6,L
2015-03-30 17:45:00 UTC,1.4,43,H
2015-03-31 00:26:00 UTC,0.4,12,L
2015-03-31 05:45:00 UTC,1.4,43,H
2015-03-31 12:28:00 UTC,0.2,6,L
2015-03-31 18:32:00 UTC,1.4,43,H
2015-04-01 01:04:00 UTC,0.4,12,L
2015-04-01 06:34:00 UTC,1.5,46,H
2015-04-01 13:17:00 UTC,0.2,6,L
2015-04-01 19:13:00 UTC,1.4,43,H
2015-04-02 01:37:00 UTC,0.4,12,L
2015-04-02 07:18:00 UTC,1.5,46,H
2015-04-02 14:02:00 UTC,0.2,6,L
2015-04-02 19:50:00 UTC,1.4,43,H
2015-04-03 02:07:00 UTC,0.4,12,L
2015-04-03 07:58:00 UTC,1.6,49,H
2015-04-03 14:45:00 UTC,0.2,6,L
2015-04-03 20:25:00 UTC,1.4,43,H
2015-04-04 02:36:00 UTC,0.3,9,L
2015-04-04 08:35:00 UTC,1.7,52,H
2015-04-04 15:26:00 UTC,0.2,6,L
2015-04-04 20:59:00 UTC,1.4,43,H
2015-04-05 03:06:00 UTC,0.3,9,L
2015-04-05 09:11:00 UTC,1.7,52,H
2015-04-05 16:06:00 UTC,0.3,9,L
2015-04-05 21:34:00 UTC,1.3,40,H
2015-04-06 03:36:00 UTC,0.3,9,L
2015-04-06 09:45:00 UTC,1.8,55,H
2015-04-06 16:48:00 UTC,0.3,9,L
2015-04-06 22:11:00 UTC,1.3,40,H
2015-04-07 04:09:00 UTC,0.3,9,L
2015-04-07 10:22:00 UTC,1.8,55,H
2015-04-07 17:31:00 UTC,0.3,9,L
2015-04-07 22:51:00 UTC,1.3,40,H
2015-04-08 04:44:00 UTC,0.3,9,L
2015-04-08 11:01:00 UTC,1.8,55,H
2015-04-08 18:18:00 UTC,0.4,12,L
2015-04-08 23:34:00 UTC,1.3,40,H
2015-04-09 05:25:00 UTC,0.3,9,L
2015-04-09 11:45:00 UTC,1.8,55,H
2015-04-09 19:07:00 UTC,0.4,12,L
2015-04-10 00:21:00 UTC,1.3,40,H
2015-04-10 06:13:00 UTC,0.3,9,L
2015-04-10 12:34:00 UTC,1.8,55,H
2015-04-10 20:00:00 UTC,0.4,12,L
2015-04-11 01:14:00 UTC,1.3,40,H
2015-04-11 07:11:00 UTC,0.4,12,L
2015-04-11 13:30:00 UTC,1.8,55,H
2015-04-11 20:56:00 UTC,0.4,12,L
2015-04-12 02:10:00 UTC,1.3,40,H
2015-04-12 08:19:00 UTC,0.4,12,L
2015-04-12 14:31:00 UTC,1.7,52,H
2015-04-12 21:51:00 UTC,0.4,12,L
2015-04-13 03:10:00 UTC,1.4,43,H
2015-04-13 09:34:00 UTC,0.4,12,L
2015-04-13 15:35:00 UTC,1.7,52,H
2015-04-13 22:45:00 UTC,0.4,12,L
2015-04-14 04:10:00 UTC,1.6,49,H
2015-04-14 10:48:00 UTC,0.3,9,L
2015-04-14 16:39:00 UTC,1.7,52,H
2015-04-14 23:35:00 UTC,0.4,12,L
2015-04-15 05:10:00 UTC,1.7,52,H
2015-04-15 11:59:00 UTC,0.2,6,L
2015-04-15 17:40:00 UTC,1.7,52,H
2015-04-16 00:23:00 UTC,0.3,9,L
2015-04-16 06:07:00 UTC,1.9,58,H
2015-04-16 13:03:00 UTC,0.2,6,L
2015-04-16 18:37:00 UTC,1.6,49,H
2015-04-17 01:08:00 UTC,0.2,6,L
2015-04-17 07:02:00 UTC,2.0,61,H
2015-04-17 14:04:00 UTC,0.1,3,L
2015-04-17 19:31:00 UTC,1.6,49,H
2015-04-18 01:53:00 UTC,0.2,6,L
2015-04-18 07:55:00 UTC,2.1,64,H
2015-04-18 15:02:00 UTC,0.1,3,L
2015-04-18 20:22:00 UTC,1.6,49,H
2015-04-19 02:37:00 UTC,0.1,3,L
2015-04-19 08:47:00 UTC,2.2,67,H
2015-04-19 15:58:00 UTC,0.1,3,L
2015-04-19 21:12:00 UTC,1.5,46,H
2015-04-20 03:21:00 UTC,0.1,3,L
2015-04-20 09:37:00 UTC,2.2,67,H
2015-04-20 16:52:00 UTC,0.2,6,L
2015-04-20 22:02:00 UTC,1.5,46,H
2015-04-21 04:06:00 UTC,0.2,6,L
2015-04-21 10:27:00 UTC,2.2,67,H
2015-04-21 17:46:00 UTC,0.3,9,L
2015-04-21 22:52:00 UTC,1.4,43,H
2015-04-22 04:53:00 UTC,0.2,6,L
2015-04-22 11:17:00 UTC,2.1,64,H
2015-04-22 18:40:00 UTC,0.4,12,L
2015-04-22 23:44:00 UTC,1.4,43,H
2015-04-23 05:45:00 UTC,0.3,9,L
2015-04-23 12:09:00 UTC,2.0,61,H
2015-04-23 19:33:00 UTC,0.5,15,L
2015-04-24 00:38:00 UTC,1.4,43,H
2015-04-24 06:41:00 UTC,0.4,12,L
2015-04-24 13:02:00 UTC,1.8,55,H
2015-04-24 20:25:00 UTC,0.5,15,L
2015-04-25 01:33:00 UTC,1.4,43,H
2015-04-25 07:45:00 UTC,0.5,15,L
2015-04-25 13:59:00 UTC,1.7,52,H
2015-04-25 21:16:00 UTC,0.6,18,L
2015-04-26 02:31:00 UTC,1.5,46,H
2015-04-26 08:53:00 UTC,0.6,18,L
2015-04-26 14:57:00 UTC,1.6,49,H
2015-04-26 22:04:00 UTC,0.6,18,L
2015-04-27 03:30:00 UTC,1.5,46,H
2015-04-27 10:03:00 UTC,0.6,18,L
2015-04-27 15:55:00 UTC,1.5,46,H
2015-04-27 22:49:00 UTC,0.6,18,L
2015-04-28 04:26:00 UTC,1.6,49,H
2015-04-28 11:07:00 UTC,0.6,18,L
2015-04-28 16:49:00 UTC,1.5,46,H
2015-04-28 23:28:00 UTC,0.6,18,L
2015-04-29 05:19:00 UTC,1.7,52,H
2015-04-29 12:06:00 UTC,0.6,18,L
2015-04-29 17:38:00 UTC,1.5,46,H
2015-04-30 00:05:00 UTC,0.6,18,L
2015-04-30 06:07:00 UTC,1.8,55,H
2015-04-30 12:58:00 UTC,0.6,18,L
2015-04-30 18:23:00 UTC,1.4,43,H
2015-05-01 00:39:00 UTC,0.5,15,L
2015-05-01 06:51:00 UTC,1.9,58,H
2015-05-01 13:46:00 UTC,0.6,18,L
2015-05-01 19:04:00 UTC,1.4,43,H
2015-05-02 01:12:00 UTC,0.5,15,L
2015-05-02 07:31:00 UTC,1.9,58,H
2015-05-02 14:32:00 UTC,0.5,15,L
2015-05-02 19:44:00 UTC,1.4,43,H
2015-05-03 01:45:00 UTC,0.5,15,L
2015-05-03 08:07:00 UTC,2.0,61,H
2015-05-03 15:15:00 UTC,0.5,15,L
2015-05-03 20:24:00 UTC,1.4,43,H
2015-05-04 02:19:00 UTC,0.4,12,L
2015-05-04 08:42:00 UTC,2.1,64,H
2015-05-04 15:58:00 UTC,0.5,15,L
2015-05-04 21:04:00 UTC,1.4,43,H
2015-05-05 02:54:00 UTC,0.4,12,L
2015-05-05 09:18:00 UTC,2.1,64,H
2015-05-05 16:40:00 UTC,0.5,15,L
2015-05-05 21:46:00 UTC,1.4,43,H
2015-05-06 03:31:00 UTC,0.5,15,L
2015-05-06 09:55:00 UTC,2.1,64,H
2015-05-06 17:23:00 UTC,0.5,15,L
2015-05-06 22:30:00 UTC,1.4,43,H
2015-05-07 04:13:00 UTC,0.5,15,L
2015-05-07 10:37:00 UTC,2.2,67,H
2015-05-07 18:07:00 UTC,0.5,15,L
2015-05-07 23:16:00 UTC,1.4,43,H
2015-05-08 05:00:00 UTC,0.5,15,L
2015-05-08 11:22:00 UTC,2.1,64,H
2015-05-08 18:53:00 UTC,0.5,15,L
2015-05-09 00:07:00 UTC,1.4,43,H
2015-05-09 05:54:00 UTC,0.6,18,L
2015-05-09 12:13:00 UTC,2.1,64,H
2015-05-09 19:41:00 UTC,0.5,15,L
2015-05-10 01:00:00 UTC,1.5,46,H
2015-05-10 06:59:00 UTC,0.6,18,L
2015-05-10 13:08:00 UTC,2.0,61,H
2015-05-10 20:30:00 UTC,0.5,15,L
2015-05-11 01:58:00 UTC,1.6,49,H
2015-05-11 08:12:00 UTC,0.6,18,L
2015-05-11 14:07:00 UTC,1.9,58,H
2015-05-11 21:20:00 UTC,0.5,15,L
2015-05-12 02:58:00 UTC,1.7,52,H
2015-05-12 09:30:00 UTC,0.6,18,L
2015-05-12 15:09:00 UTC,1.8,55,H
2015-05-12 22:10:00 UTC,0.4,12,L
2015-05-13 03:58:00 UTC,1.9,58,H
2015-05-13 10:47:00 UTC,0.6,18,L
2015-05-13 16:11:00 UTC,1.7,52,H
2015-05-13 22:58:00 UTC,0.4,12,L
2015-05-14 04:58:00 UTC,2.0,61,H
2015-05-14 11:58:00 UTC,0.5,15,L
2015-05-14 17:11:00 UTC,1.7,52,H
2015-05-14 23:45:00 UTC,0.3,9,L
2015-05-15 05:55:00 UTC,2.2,67,H
2015-05-15 13:03:00 UTC,0.5,15,L
2015-05-15 18:09:00 UTC,1.6,49,H
2015-05-16 00:32:00 UTC,0.3,9,L
2015-05-16 06:49:00 UTC,2.3,70,H
2015-05-16 14:03:00 UTC,0.4,12,L
2015-05-16 19:04:00 UTC,1.6,49,H
2015-05-17 01:17:00 UTC,0.3,9,L
2015-05-17 07:41:00 UTC,2.4,73,H
2015-05-17 14:59:00 UTC,0.4,12,L
2015-05-17 19:57:00 UTC,1.5,46,H
2015-05-18 02:02:00 UTC,0.3,9,L
2015-05-18 08:31:00 UTC,2.4,73,H
2015-05-18 15:53:00 UTC,0.4,12,L
2015-05-18 20:49:00 UTC,1.5,46,H
2015-05-19 02:48:00 UTC,0.3,9,L
2015-05-19 09:19:00 UTC,2.4,73,H
2015-05-19 16:43:00 UTC,0.4,12,L
2015-05-19 21:39:00 UTC,1.5,46,H
2015-05-20 03:34:00 UTC,0.4,12,L
2015-05-20 10:06:00 UTC,2.3,70,H
2015-05-20 17:31:00 UTC,0.5,15,L
2015-05-20 22:30:00 UTC,1.5,46,H
2015-05-21 04:22:00 UTC,0.5,15,L
2015-05-21 10:52:00 UTC,2.2,67,H
2015-05-21 18:18:00 UTC,0.5,15,L
2015-05-21 23:21:00 UTC,1.5,46,H
2015-05-22 05:13:00 UTC,0.6,18,L
2015-05-22 11:39:00 UTC,2.1,64,H
2015-05-22 19:03:00 UTC,0.6,18,L
2015-05-23 00:13:00 UTC,1.5,46,H
2015-05-23 06:09:00 UTC,0.7,21,L
2015-05-23 12:27:00 UTC,2.0,61,H
2015-05-23 19:46:00 UTC,0.6,18,L
2015-05-24 01:07:00 UTC,1.6,49,H
2015-05-24 07:09:00 UTC,0.8,24,L
2015-05-24 13:15:00 UTC,1.8,55,H
2015-05-24 20:27:00 UTC,0.7,21,L
2015-05-25 02:02:00 UTC,1.6,49,H
2015-05-25 08:16:00 UTC,0.9,27,L
2015-05-25 14:05:00 UTC,1.7,52,H
2015-05-25 21:08:00 UTC,0.7,21,L
2015-05-26 02:58:00 UTC,1.7,52,H
2015-05-26 09:25:00 UTC,0.9,27,L
2015-05-26 14:56:00 UTC,1.6,49,H
2015-05-26 21:47:00 UTC,0.6,18,L
2015-05-27 03:54:00 UTC,1.8,55,H
2015-05-27 10:34:00 UTC,0.9,27,L
2015-05-27 15:47:00 UTC,1.5,46,H
2015-05-27 22:25:00 UTC,0.6,18,L
2015-05-28 04:46:00 UTC,1.9,58,H
2015-05-28 11:37:00 UTC,0.9,27,L
2015-05-28 16:37:00 UTC,1.5,46,H
2015-05-28 23:03:00 UTC,0.6,18,L
2015-05-29 05:35:00 UTC,2.0,61,H
2015-05-29 12:35:00 UTC,0.9,27,L
2015-05-29 17:27:00 UTC,1.4,43,H
2015-05-29 23:41:00 UTC,0.5,15,L
2015-05-30 06:19:00 UTC,2.0,61,H
2015-05-30 13:27:00 UTC,0.8,24,L
2015-05-30 18:15:00 UTC,1.4,43,H
2015-05-31 00:19:00 UTC,0.5,15,L
2015-05-31 06:58:00 UTC,2.1,64,H
2015-05-31 14:15:00 UTC,0.7,21,L
2015-05-31 19:02:00 UTC,1.4,43,H
2015-06-01 00:58:00 UTC,0.5,15,L
2015-06-01 07:36:00 UTC,2.2,67,H
2015-06-01 15:00:00 UTC,0.7,21,L
2015-06-01 19:49:00 UTC,1.4,43,H
2015-06-02 01:38:00 UTC,0.5,15,L
2015-06-02 08:14:00 UTC,2.3,70,H
2015-06-02 15:43:00 UTC,0.6,18,L
2015-06-02 20:35:00 UTC,1.4,43,H
2015-06-03 02:19:00 UTC,0.5,15,L
2015-06-03 08:53:00 UTC,2.3,70,H
2015-06-03 16:25:00 UTC,0.5,15,L
2015-06-03 21:22:00 UTC,1.4,43,H
2015-06-04 03:04:00 UTC,0.5,15,L
2015-06-04 09:34:00 UTC,2.3,70,H
2015-06-04 17:07:00 UTC,0.5,15,L
2015-06-04 22:09:00 UTC,1.5,46,H
2015-06-05 03:53:00 UTC,0.5,15,L
2015-06-05 10:18:00 UTC,2.3,70,H
2015-06-05 17:49:00 UTC,0.5,15,L
2015-06-05 22:59:00 UTC,1.5,46,H
2015-06-06 04:46:00 UTC,0.6,18,L
2015-06-06 11:06:00 UTC,2.3,70,H
2015-06-06 18:32:00 UTC,0.5,15,L
2015-06-06 23:51:00 UTC,1.6,49,H
2015-06-07 05:47:00 UTC,0.6,18,L
2015-06-07 11:56:00 UTC,2.2,67,H
2015-06-07 19:16:00 UTC,0.5,15,L
2015-06-08 00:46:00 UTC,1.7,52,H
2015-06-08 06:55:00 UTC,0.7,21,L
2015-06-08 12:50:00 UTC,2.1,64,H
2015-06-08 20:02:00 UTC,0.4,12,L
2015-06-09 01:44:00 UTC,1.8,55,H
2015-06-09 08:10:00 UTC,0.8,24,L
2015-06-09 13:46:00 UTC,1.9,58,H
2015-06-09 20:49:00 UTC,0.4,12,L
2015-06-10 02:45:00 UTC,1.9,58,H
2015-06-10 09:29:00 UTC,0.8,24,L
2015-06-10 14:44:00 UTC,1.8,55,H
2015-06-10 21:37:00 UTC,0.4,12,L
2015-06-11 03:46:00 UTC,2.1,64,H
2015-06-11 10:45:00 UTC,0.8,24,L
2015-06-11 15:44:00 UTC,1.7,52,H
2015-06-11 22:25:00 UTC,0.3,9,L
2015-06-12 04:46:00 UTC,2.2,67,H
2015-06-12 11:56:00 UTC,0.7,21,L
2015-06-12 16:44:00 UTC,1.6,49,H
2015-06-12 23:13:00 UTC,0.3,9,L
2015-06-13 05:43:00 UTC,2.3,70,H
2015-06-13 13:01:00 UTC,0.6,18,L
2015-06-13 17:43:00 UTC,1.5,46,H
2015-06-14 00:01:00 UTC,0.3,9,L
2015-06-14 06:37:00 UTC,2.4,73,H
2015-06-14 13:59:00 UTC,0.6,18,L
2015-06-14 18:40:00 UTC,1.5,46,H
2015-06-15 00:49:00 UTC,0.3,9,L
2015-06-15 07:28:00 UTC,2.5,76,H
2015-06-15 14:53:00 UTC,0.5,15,L
2015-06-15 19:35:00 UTC,1.5,46,H
2015-06-16 01:37:00 UTC,0.3,9,L
2015-06-16 08:16:00 UTC,2.4,73,H
2015-06-16 15:42:00 UTC,0.5,15,L
2015-06-16 20:28:00 UTC,1.5,46,H
2015-06-17 02:24:00 UTC,0.4,12,L
2015-06-17 09:02:00 UTC,2.4,73,H
2015-06-17 16:27:00 UTC,0.5,15,L
2015-06-17 21:18:00 UTC,1.5,46,H
2015-06-18 03:11:00 UTC,0.5,15,L
2015-06-18 09:46:00 UTC,2.3,70,H
2015-06-18 17:09:00 UTC,0.6,18,L
2015-06-18 22:07:00 UTC,1.5,46,H
2015-06-19 03:59:00 UTC,0.6,18,L
2015-06-19 10:28:00 UTC,2.2,67,H
2015-06-19 17:49:00 UTC,0.6,18,L
2015-06-19 22:56:00 UTC,1.6,49,H
2015-06-20 04:48:00 UTC,0.7,21,L
2015-06-20 11:10:00 UTC,2.1,64,H
2015-06-20 18:25:00 UTC,0.6,18,L
2015-06-20 23:45:00 UTC,1.6,49,H
2015-06-21 05:39:00 UTC,0.8,24,L
2015-06-21 11:51:00 UTC,2.0,61,H
2015-06-21 19:00:00 UTC,0.6,18,L
2015-06-22 00:35:00 UTC,1.6,49,H
2015-06-22 06:34:00 UTC,0.9,27,L
2015-06-22 12:33:00 UTC,1.9,58,H
2015-06-22 19:34:00 UTC,0.6,18,L
2015-06-23 01:27:00 UTC,1.7,52,H
2015-06-23 07:36:00 UTC,1.0,30,L
2015-06-23 13:16:00 UTC,1.8,55,H
2015-06-23 20:09:00 UTC,0.6,18,L
2015-06-24 02:20:00 UTC,1.8,55,H
2015-06-24 08:43:00 UTC,1.1,34,L
2015-06-24 14:00:00 UTC,1.6,49,H
2015-06-24 20:45:00 UTC,0.6,18,L
2015-06-25 03:14:00 UTC,1.8,55,H
2015-06-25 09:54:00 UTC,1.1,34,L
2015-06-25 14:48:00 UTC,1.6,49,H
2015-06-25 21:24:00 UTC,0.5,15,L
2015-06-26 04:05:00 UTC,1.9,58,H
2015-06-26 11:03:00 UTC,1.1,34,L
2015-06-26 15:40:00 UTC,1.5,46,H
2015-06-26 22:05:00 UTC,0.5,15,L
2015-06-27 04:54:00 UTC,2.0,61,H
2015-06-27 12:06:00 UTC,1.0,30,L
2015-06-27 16:34:00 UTC,1.4,43,H
2015-06-27 22:48:00 UTC,0.5,15,L
2015-06-28 05:39:00 UTC,2.1,64,H
2015-06-28 13:01:00 UTC,0.9,27,L
2015-06-28 17:29:00 UTC,1.4,43,H
2015-06-28 23:33:00 UTC,0.5,15,L
2015-06-29 06:22:00 UTC,2.2,67,H
2015-06-29 13:51:00 UTC,0.8,24,L
2015-06-29 18:23:00 UTC,1.4,43,H
2015-06-30 00:19:00 UTC,0.5,15,L
2015-06-30 07:04:00 UTC,2.3,70,H
2015-06-30 14:36:00 UTC,0.7,21,L
2015-06-30 19:16:00 UTC,1.4,43,H
2015-07-01 01:07:00 UTC,0.5,15,L
2015-07-01 07:47:00 UTC,2.4,73,H
2015-07-01 15:19:00 UTC,0.6,18,L
2015-07-01 20:07:00 UTC,1.4,43,H
2015-07-02 01:56:00 UTC,0.5,15,L
2015-07-02 08:30:00 UTC,2.4,73,H
2015-07-02 16:00:00 UTC,0.6,18,L
2015-07-02 20:57:00 UTC,1.5,46,H
2015-07-03 02:48:00 UTC,0.5,15,L
2015-07-03 09:15:00 UTC,2.4,73,H
2015-07-03 16:41:00 UTC,0.5,15,L
2015-07-03 21:47:00 UTC,1.6,49,H
2015-07-04 03:43:00 UTC,0.5,15,L
2015-07-04 10:02:00 UTC,2.4,73,H
2015-07-04 17:22:00 UTC,0.5,15,L
2015-07-04 22:39:00 UTC,1.7,52,H
2015-07-05 04:41:00 UTC,0.6,18,L
2015-07-05 10:50:00 UTC,2.3,70,H
2015-07-05 18:03:00 UTC,0.4,12,L
2015-07-05 23:33:00 UTC,1.8,55,H
2015-07-06 05:44:00 UTC,0.7,21,L
2015-07-06 11:39:00 UTC,2.2,67,H
2015-07-06 18:46:00 UTC,0.4,12,L
2015-07-07 00:29:00 UTC,1.9,58,H
2015-07-07 06:54:00 UTC,0.8,24,L
2015-07-07 12:31:00 UTC,2.0,61,H
2015-07-07 19:30:00 UTC,0.3,9,L
2015-07-08 01:28:00 UTC,2.0,61,H
2015-07-08 08:09:00 UTC,0.8,24,L
2015-07-08 13:25:00 UTC,1.9,58,H
2015-07-08 20:17:00 UTC,0.3,9,L
2015-07-09 02:29:00 UTC,2.1,64,H
2015-07-09 09:26:00 UTC,0.9,27,L
2015-07-09 14:21:00 UTC,1.7,52,H
2015-07-09 21:05:00 UTC,0.3,9,L
2015-07-10 03:32:00 UTC,2.2,67,H
2015-07-10 10:42:00 UTC,0.9,27,L
2015-07-10 15:21:00 UTC,1.6,49,H
2015-07-10 21:55:00 UTC,0.3,9,L
2015-07-11 04:33:00 UTC,2.3,70,H
2015-07-11 11:51:00 UTC,0.8,24,L
2015-07-11 16:22:00 UTC,1.5,46,H
2015-07-11 22:47:00 UTC,0.3,9,L
2015-07-12 05:31:00 UTC,2.4,73,H
2015-07-12 12:54:00 UTC,0.7,21,L
2015-07-12 17:23:00 UTC,1.5,46,H
2015-07-12 23:40:00 UTC,0.3,9,L
2015-07-13 06:26:00 UTC,2.4,73,H
2015-07-13 13:49:00 UTC,0.7,21,L
2015-07-13 18:22:00 UTC,1.4,43,H
2015-07-14 00:31:00 UTC,0.4,12,L
2015-07-14 07:16:00 UTC,2.4,73,H
2015-07-14 14:38:00 UTC,0.7,21,L
2015-07-14 19:17:00 UTC,1.5,46,H
2015-07-15 01:22:00 UTC,0.4,12,L
2015-07-15 08:02:00 UTC,2.4,73,H
2015-07-15 15:23:00 UTC,0.6,18,L
2015-07-15 20:09:00 UTC,1.5,46,H
2015-07-16 02:10:00 UTC,0.5,15,L
2015-07-16 08:45:00 UTC,2.3,70,H
2015-07-16 16:03:00 UTC,0.6,18,L
2015-07-16 20:58:00 UTC,1.6,49,H
2015-07-17 02:57:00 UTC,0.6,18,L
2015-07-17 09:25:00 UTC,2.2,67,H
2015-07-17 16:39:00 UTC,0.6,18,L
2015-07-17 21:44:00 UTC,1.6,49,H
2015-07-18 03:42:00 UTC,0.6,18,L
2015-07-18 10:03:00 UTC,2.2,67,H
2015-07-18 17:11:00 UTC,0.6,18,L
2015-07-18 22:29:00 UTC,1.7,52,H
2015-07-19 04:27:00 UTC,0.7,21,L
2015-07-19 10:40:00 UTC,2.1,64,H
2015-07-19 17:41:00 UTC,0.6,18,L
2015-07-19 23:15:00 UTC,1.7,52,H
2015-07-20 05:14:00 UTC,0.8,24,L
2015-07-20 11:16:00 UTC,2.0,61,H
2015-07-20 18:10:00 UTC,0.6,18,L
2015-07-21 00:01:00 UTC,1.7,52,H
2015-07-21 06:04:00 UTC,1.0,30,L
2015-07-21 11:53:00 UTC,1.9,58,H
2015-07-21 18:40:00 UTC,0.6,18,L
2015-07-22 00:48:00 UTC,1.8,55,H
2015-07-22 07:01:00 UTC,1.1,34,L
2015-07-22 12:31:00 UTC,1.8,55,H
2015-07-22 19:13:00 UTC,0.5,15,L
2015-07-23 01:37:00 UTC,1.9,58,H
2015-07-23 08:05:00 UTC,1.1,34,L
2015-07-23 13:13:00 UTC,1.7,52,H
2015-07-23 19:49:00 UTC,0.5,15,L
2015-07-24 02:26:00 UTC,1.9,58,H
2015-07-24 09:16:00 UTC,1.2,37,L
2015-07-24 14:00:00 UTC,1.6,49,H
2015-07-24 20:30:00 UTC,0.5,15,L
2015-07-25 03:17:00 UTC,2.0,61,H
2015-07-25 10:27:00 UTC,1.1,34,L
2015-07-25 14:53:00 UTC,1.5,46,H
2015-07-25 21:14:00 UTC,0.5,15,L
2015-07-26 04:07:00 UTC,2.1,64,H
2015-07-26 11:32:00 UTC,1.1,34,L
2015-07-26 15:51:00 UTC,1.4,43,H
2015-07-26 22:03:00 UTC,0.5,15,L
2015-07-27 04:56:00 UTC,2.2,67,H
2015-07-27 12:29:00 UTC,1.0,30,L
2015-07-27 16:51:00 UTC,1.4,43,H
2015-07-27 22:55:00 UTC,0.5,15,L
2015-07-28 05:45:00 UTC,2.3,70,H
2015-07-28 13:19:00 UTC,0.9,27,L
2015-07-28 17:50:00 UTC,1.4,43,H
2015-07-28 23:50:00 UTC,0.5,15,L
2015-07-29 06:33:00 UTC,2.3,70,H
2015-07-29 14:04:00 UTC,0.8,24,L
2015-07-29 18:46:00 UTC,1.5,46,H
2015-07-30 00:46:00 UTC,0.5,15,L
2015-07-30 07:21:00 UTC,2.4,73,H
2015-07-30 14:46:00 UTC,0.7,21,L
2015-07-30 19:40:00 UTC,1.6,49,H
2015-07-31 01:43:00 UTC,0.5,15,L
2015-07-31 08:09:00 UTC,2.4,73,H
2015-07-31 15:27:00 UTC,0.6,18,L
2015-07-31 20:32:00 UTC,1.7,52,H
2015-08-01 02:40:00 UTC,0.5,15,L
2015-08-01 08:56:00 UTC,2.4,73,H
2015-08-01 16:07:00 UTC,0.5,15,L
2015-08-01 21:25:00 UTC,1.8,55,H
2015-08-02 03:38:00 UTC,0.5,15,L
2015-08-02 09:43:00 UTC,2.3,70,H
2015-08-02 16:47:00 UTC,0.4,12,L
2015-08-02 22:18:00 UTC,1.9,58,H
2015-08-03 04:38:00 UTC,0.6,18,L
2015-08-03 10:31:00 UTC,2.2,67,H
2015-08-03 17:28:00 UTC,0.4,12,L
2015-08-03 23:12:00 UTC,2.0,61,H
2015-08-04 05:42:00 UTC,0.7,21,L
2015-08-04 11:20:00 UTC,2.1,64,H
2015-08-04 18:11:00 UTC,0.3,9,L
2015-08-05 00:09:00 UTC,2.1,64,H
2015-08-05 06:51:00 UTC,0.8,24,L
2015-08-05 12:10:00 UTC,2.0,61,H
2015-08-05 18:56:00 UTC,0.3,9,L
2015-08-06 01:09:00 UTC,2.2,67,H
2015-08-06 08:05:00 UTC,0.9,27,L
2015-08-06 13:04:00 UTC,1.8,55,H
2015-08-06 19:44:00 UTC,0.3,9,L
2015-08-07 02:10:00 UTC,2.3,70,H
2015-08-07 09:20:00 UTC,0.9,27,L
2015-08-07 14:00:00 UTC,1.7,52,H
2015-08-07 20:35:00 UTC,0.3,9,L
2015-08-08 03:13:00 UTC,2.3,70,H
2015-08-08 10:32:00 UTC,0.9,27,L
2015-08-08 15:01:00 UTC,1.6,49,H
2015-08-08 21:31:00 UTC,0.4,12,L
2015-08-09 04:16:00 UTC,2.3,70,H
2015-08-09 11:39:00 UTC,0.9,27,L
2015-08-09 16:05:00 UTC,1.5,46,H
2015-08-09 22:28:00 UTC,0.4,12,L
2015-08-10 05:17:00 UTC,2.3,70,H
2015-08-10 12:37:00 UTC,0.8,24,L
2015-08-10 17:07:00 UTC,1.5,46,H
2015-08-10 23:26:00 UTC,0.5,15,L
2015-08-11 06:12:00 UTC,2.3,70,H
2015-08-11 13:29:00 UTC,0.8,24,L
2015-08-11 18:07:00 UTC,1.5,46,H
2015-08-12 00:22:00 UTC,0.5,15,L
2015-08-12 07:02:00 UTC,2.3,70,H
2015-08-12 14:14:00 UTC,0.8,24,L
2015-08-12 19:01:00 UTC,1.6,49,H
2015-08-13 01:14:00 UTC,0.6,18,L
2015-08-13 07:46:00 UTC,2.3,70,H
2015-08-13 14:54:00 UTC,0.7,21,L
2015-08-13 19:51:00 UTC,1.6,49,H
2015-08-14 02:02:00 UTC,0.6,18,L
2015-08-14 08:25:00 UTC,2.2,67,H
2015-08-14 15:29:00 UTC,0.7,21,L
2015-08-14 20:37:00 UTC,1.7,52,H
2015-08-15 02:47:00 UTC,0.7,21,L
2015-08-15 09:01:00 UTC,2.2,67,H
2015-08-15 16:00:00 UTC,0.7,21,L
2015-08-15 21:20:00 UTC,1.8,55,H
2015-08-16 03:29:00 UTC,0.7,21,L
2015-08-16 09:35:00 UTC,2.1,64,H
2015-08-16 16:27:00 UTC,0.7,21,L
2015-08-16 22:02:00 UTC,1.8,55,H
2015-08-17 04:12:00 UTC,0.8,24,L
2015-08-17 10:09:00 UTC,2.0,61,H
2015-08-17 16:53:00 UTC,0.6,18,L
2015-08-17 22:44:00 UTC,1.9,58,H
2015-08-18 04:56:00 UTC,0.9,27,L
2015-08-18 10:42:00 UTC,1.9,58,H
2015-08-18 17:20:00 UTC,0.6,18,L
2015-08-18 23:25:00 UTC,1.9,58,H
2015-08-19 05:43:00 UTC,1.0,30,L
2015-08-19 11:17:00 UTC,1.9,58,H
2015-08-19 17:49:00 UTC,0.6,18,L
2015-08-20 00:07:00 UTC,1.9,58,H
2015-08-20 06:35:00 UTC,1.1,34,L
2015-08-20 11:54:00 UTC,1.8,55,H
2015-08-20 18:22:00 UTC,0.6,18,L
2015-08-21 00:51:00 UTC,2.0,61,H
2015-08-21 07:35:00 UTC,1.2,37,L
2015-08-21 12:36:00 UTC,1.7,52,H
2015-08-21 18:59:00 UTC,0.6,18,L
2015-08-22 01:38:00 UTC,2.0,61,H
2015-08-22 08:42:00 UTC,1.2,37,L
2015-08-22 13:24:00 UTC,1.6,49,H
2015-08-22 19:42:00 UTC,0.6,18,L
2015-08-23 02:27:00 UTC,2.1,64,H
2015-08-23 09:51:00 UTC,1.2,37,L
2015-08-23 14:19:00 UTC,1.5,46,H
2015-08-23 20:31:00 UTC,0.6,18,L
2015-08-24 03:20:00 UTC,2.1,64,H
2015-08-24 10:55:00 UTC,1.1,34,L
2015-08-24 15:19:00 UTC,1.5,46,H
2015-08-24 21:27:00 UTC,0.6,18,L
2015-08-25 04:15:00 UTC,2.2,67,H
2015-08-25 11:51:00 UTC,1.0,30,L
2015-08-25 16:22:00 UTC,1.5,46,H
2015-08-25 22:29:00 UTC,0.6,18,L
2015-08-26 05:10:00 UTC,2.3,70,H
2015-08-26 12:40:00 UTC,0.9,27,L
2015-08-26 17:23:00 UTC,1.6,49,H
2015-08-26 23:32:00 UTC,0.6,18,L
2015-08-27 06:04:00 UTC,2.3,70,H
2015-08-27 13:25:00 UTC,0.8,24,L
2015-08-27 18:21:00 UTC,1.7,52,H
2015-08-28 00:34:00 UTC,0.5,15,L
2015-08-28 06:55:00 UTC,2.3,70,H
2015-08-28 14:07:00 UTC,0.7,21,L
2015-08-28 19:16:00 UTC,1.8,55,H
2015-08-29 01:35:00 UTC,0.5,15,L
2015-08-29 07:45:00 UTC,2.3,70,H
2015-08-29 14:47:00 UTC,0.6,18,L
2015-08-29 20:10:00 UTC,1.9,58,H
2015-08-30 02:35:00 UTC,0.5,15,L
2015-08-30 08:34:00 UTC,2.3,70,H
2015-08-30 15:28:00 UTC,0.5,15,L
2015-08-30 21:03:00 UTC,2.1,64,H
2015-08-31 03:35:00 UTC,0.5,15,L
2015-08-31 09:22:00 UTC,2.2,67,H
2015-08-31 16:08:00 UTC,0.4,12,L
2015-08-31 21:57:00 UTC,2.2,67,H
2015-09-01 04:36:00 UTC,0.6,18,L
2015-09-01 10:09:00 UTC,2.1,64,H
2015-09-01 16:50:00 UTC,0.3,9,L
2015-09-01 22:51:00 UTC,2.3,70,H
2015-09-02 05:39:00 UTC,0.7,21,L
2015-09-02 10:58:00 UTC,2.0,61,H
2015-09-02 17:34:00 UTC,0.3,9,L
2015-09-02 23:47:00 UTC,2.3,70,H
2015-09-03 06:46:00 UTC,0.8,24,L
2015-09-03 11:49:00 UTC,1.9,58,H
2015-09-03 18:20:00 UTC,0.3,9,L
2015-09-04 00:46:00 UTC,2.3,70,H
2015-09-04 07:56:00 UTC,0.9,27,L
2015-09-04 12:43:00 UTC,1.7,52,H
2015-09-04 19:11:00 UTC,0.4,12,L
2015-09-05 01:47:00 UTC,2.3,70,H
2015-09-05 09:07:00 UTC,0.9,27,L
2015-09-05 13:42:00 UTC,1.6,49,H
2015-09-05 20:07:00 UTC,0.5,15,L
2015-09-06 02:50:00 UTC,2.3,70,H
2015-09-06 10:14:00 UTC,0.9,27,L
2015-09-06 14:45:00 UTC,1.6,49,H
2015-09-06 21:09:00 UTC,0.5,15,L
2015-09-07 03:54:00 UTC,2.3,70,H
2015-09-07 11:16:00 UTC,0.9,27,L
2015-09-07 15:50:00 UTC,1.5,46,H
2015-09-07 22:13:00 UTC,0.6,18,L
2015-09-08 04:56:00 UTC,2.2,67,H
2015-09-08 12:11:00 UTC,0.9,27,L
2015-09-08 16:53:00 UTC,1.6,49,H
2015-09-08 23:15:00 UTC,0.6,18,L
2015-09-09 05:51:00 UTC,2.2,67,H
2015-09-09 12:59:00 UTC,0.8,24,L
2015-09-09 17:51:00 UTC,1.6,49,H
2015-09-10 00:13:00 UTC,0.7,21,L
2015-09-10 06:39:00 UTC,2.2,67,H
2015-09-10 13:40:00 UTC,0.8,24,L
2015-09-10 18:44:00 UTC,1.7,52,H
2015-09-11 01:05:00 UTC,0.7,21,L
2015-09-11 07:21:00 UTC,2.1,64,H
2015-09-11 14:16:00 UTC,0.8,24,L
2015-09-11 19:32:00 UTC,1.8,55,H
2015-09-12 01:53:00 UTC,0.7,21,L
2015-09-12 07:57:00 UTC,2.1,64,H
2015-09-12 14:47:00 UTC,0.7,21,L
2015-09-12 20:16:00 UTC,1.8,55,H
2015-09-13 02:37:00 UTC,0.8,24,L
2015-09-13 08:31:00 UTC,2.0,61,H
2015-09-13 15:14:00 UTC,0.7,21,L
2015-09-13 20:57:00 UTC,1.9,58,H
2015-09-14 03:19:00 UTC,0.8,24,L
2015-09-14 09:04:00 UTC,2.0,61,H
2015-09-14 15:39:00 UTC,0.6,18,L
2015-09-14 21:36:00 UTC,2.0,61,H
2015-09-15 04:01:00 UTC,0.9,27,L
2015-09-15 09:36:00 UTC,1.9,58,H
2015-09-15 16:05:00 UTC,0.6,18,L
2015-09-15 22:13:00 UTC,2.0,61,H
2015-09-16 04:44:00 UTC,1.0,30,L
2015-09-16 10:10:00 UTC,1.8,55,H
2015-09-16 16:33:00 UTC,0.6,18,L
2015-09-16 22:50:00 UTC,2.0,61,H
2015-09-17 05:30:00 UTC,1.0,30,L
2015-09-17 10:45:00 UTC,1.8,55,H
2015-09-17 17:03:00 UTC,0.6,18,L
2015-09-17 23:29:00 UTC,2.1,64,H
2015-09-18 06:20:00 UTC,1.1,34,L
2015-09-18 11:24:00 UTC,1.7,52,H
2015-09-18 17:37:00 UTC,0.6,18,L
2015-09-19 00:09:00 UTC,2.1,64,H
2015-09-19 07:15:00 UTC,1.1,34,L
2015-09-19 12:08:00 UTC,1.6,49,H
2015-09-19 18:17:00 UTC,0.6,18,L
2015-09-20 00:54:00 UTC,2.1,64,H
2015-09-20 08:15:00 UTC,1.1,34,L
2015-09-20 12:58:00 UTC,1.5,46,H
2015-09-20 19:03:00 UTC,0.6,18,L
2015-09-21 01:44:00 UTC,2.1,64,H
2015-09-21 09:17:00 UTC,1.0,30,L
2015-09-21 13:55:00 UTC,1.5,46,H
2015-09-21 19:58:00 UTC,0.6,18,L
2015-09-22 02:40:00 UTC,2.2,67,H
2015-09-22 10:16:00 UTC,1.0,30,L
2015-09-22 14:56:00 UTC,1.5,46,H
2015-09-22 21:02:00 UTC,0.7,21,L
2015-09-23 03:38:00 UTC,2.2,67,H
2015-09-23 11:10:00 UTC,0.9,27,L
2015-09-23 15:59:00 UTC,1.6,49,H
2015-09-23 22:11:00 UTC,0.6,18,L
2015-09-24 04:37:00 UTC,2.2,67,H
2015-09-24 11:58:00 UTC,0.8,24,L
2015-09-24 17:01:00 UTC,1.7,52,H
2015-09-24 23:21:00 UTC,0.6,18,L
2015-09-25 05:34:00 UTC,2.2,67,H
2015-09-25 12:43:00 UTC,0.7,21,L
2015-09-25 18:00:00 UTC,1.8,55,H
2015-09-26 00:27:00 UTC,0.6,18,L
2015-09-26 06:28:00 UTC,2.2,67,H
2015-09-26 13:25:00 UTC,0.6,18,L
2015-09-26 18:56:00 UTC,2.0,61,H
2015-09-27 01:31:00 UTC,0.5,15,L
2015-09-27 07:19:00 UTC,2.2,67,H
2015-09-27 14:07:00 UTC,0.4,12,L
2015-09-27 19:51:00 UTC,2.1,64,H
2015-09-28 02:32:00 UTC,0.5,15,L
2015-09-28 08:09:00 UTC,2.1,64,H
2015-09-28 14:48:00 UTC,0.3,9,L
2015-09-28 20:44:00 UTC,2.3,70,H
2015-09-29 03:32:00 UTC,0.5,15,L
2015-09-29 08:57:00 UTC,2.0,61,H
2015-09-29 15:29:00 UTC,0.3,9,L
2015-09-29 21:37:00 UTC,2.4,73,H
2015-09-30 04:32:00 UTC,0.6,18,L
2015-09-30 09:46:00 UTC,1.9,58,H
2015-09-30 16:13:00 UTC,0.2,6,L
2015-09-30 22:30:00 UTC,2.4,73,H
2015-10-01 05:34:00 UTC,0.7,21,L
2015-10-01 10:36:00 UTC,1.8,55,H
2015-10-01 16:58:00 UTC,0.3,9,L
2015-10-01 23:25:00 UTC,2.4,73,H
2015-10-02 06:37:00 UTC,0.7,21,L
2015-10-02 11:28:00 UTC,1.7,52,H
2015-10-02 17:47:00 UTC,0.3,9,L
2015-10-03 00:21:00 UTC,2.3,70,H
2015-10-03 07:41:00 UTC,0.8,24,L
2015-10-03 12:24:00 UTC,1.6,49,H
2015-10-03 18:40:00 UTC,0.4,12,L
2015-10-04 01:19:00 UTC,2.3,70,H
2015-10-04 08:46:00 UTC,0.8,24,L
2015-10-04 13:23:00 UTC,1.5,46,H
2015-10-04 19:41:00 UTC,0.5,15,L
2015-10-05 02:21:00 UTC,2.2,67,H
2015-10-05 09:47:00 UTC,0.8,24,L
2015-10-05 14:27:00 UTC,1.5,46,H
2015-10-05 20:47:00 UTC,0.6,18,L
2015-10-06 03:23:00 UTC,2.1,64,H
2015-10-06 10:44:00 UTC,0.8,24,L
2015-10-06 15:31:00 UTC,1.5,46,H
2015-10-06 21:55:00 UTC,0.6,18,L
2015-10-07 04:23:00 UTC,2.0,61,H
2015-10-07 11:34:00 UTC,0.8,24,L
2015-10-07 16:34:00 UTC,1.6,49,H
2015-10-07 23:00:00 UTC,0.7,21,L
2015-10-08 05:17:00 UTC,2.0,61,H
2015-10-08 12:18:00 UTC,0.7,21,L
2015-10-08 17:32:00 UTC,1.6,49,H
2015-10-08 23:59:00 UTC,0.7,21,L
2015-10-09 06:03:00 UTC,1.9,58,H
2015-10-09 12:56:00 UTC,0.7,21,L
2015-10-09 18:25:00 UTC,1.7,52,H
2015-10-10 00:52:00 UTC,0.7,21,L
2015-10-10 06:44:00 UTC,1.9,58,H
2015-10-10 13:29:00 UTC,0.6,18,L
2015-10-10 19:11:00 UTC,1.8,55,H
2015-10-11 01:41:00 UTC,0.7,21,L
2015-10-11 07:21:00 UTC,1.8,55,H
2015-10-11 13:58:00 UTC,0.6,18,L
2015-10-11 19:54:00 UTC,1.9,58,H
2015-10-12 02:26:00 UTC,0.8,24,L
2015-10-12 07:56:00 UTC,1.8,55,H
2015-10-12 14:25:00 UTC,0.5,15,L
2015-10-12 20:33:00 UTC,1.9,58,H
2015-10-13 03:09:00 UTC,0.8,24,L
2015-10-13 08:30:00 UTC,1.7,52,H
2015-10-13 14:52:00 UTC,0.5,15,L
2015-10-13 21:09:00 UTC,2.0,61,H
2015-10-14 03:52:00 UTC,0.8,24,L
2015-10-14 09:04:00 UTC,1.7,52,H
2015-10-14 15:21:00 UTC,0.4,12,L
2015-10-14 21:44:00 UTC,2.0,61,H
2015-10-15 04:35:00 UTC,0.8,24,L
2015-10-15 09:40:00 UTC,1.6,49,H
2015-10-15 15:51:00 UTC,0.4,12,L
2015-10-15 22:18:00 UTC,2.1,64,H
2015-10-16 05:20:00 UTC,0.8,24,L
2015-10-16 10:19:00 UTC,1.5,46,H
2015-10-16 16:24:00 UTC,0.4,12,L
2015-10-16 22:55:00 UTC,2.1,64,H
2015-10-17 06:08:00 UTC,0.8,24,L
2015-10-17 11:01:00 UTC,1.5,46,H
2015-10-17 17:01:00 UTC,0.4,12,L
2015-10-17 23:36:00 UTC,2.1,64,H
2015-10-18 06:58:00 UTC,0.8,24,L
2015-10-18 11:47:00 UTC,1.4,43,H
2015-10-18 17:44:00 UTC,0.5,15,L
2015-10-19 00:21:00 UTC,2.1,64,H
2015-10-19 07:51:00 UTC,0.8,24,L
2015-10-19 12:39:00 UTC,1.4,43,H
2015-10-19 18:34:00 UTC,0.5,15,L
2015-10-20 01:12:00 UTC,2.1,64,H
2015-10-20 08:46:00 UTC,0.8,24,L
2015-10-20 13:36:00 UTC,1.4,43,H
2015-10-20 19:35:00 UTC,0.5,15,L
2015-10-21 02:08:00 UTC,2.0,61,H
2015-10-21 09:39:00 UTC,0.7,21,L
2015-10-21 14:38:00 UTC,1.4,43,H
2015-10-21 20:46:00 UTC,0.6,18,L
2015-10-22 03:07:00 UTC,2.0,61,H
2015-10-22 10:30:00 UTC,0.6,18,L
2015-10-22 15:41:00 UTC,1.5,46,H
2015-10-22 22:01:00 UTC,0.6,18,L
2015-10-23 04:06:00 UTC,2.0,61,H
2015-10-23 11:17:00 UTC,0.5,15,L
2015-10-23 16:43:00 UTC,1.7,52,H
2015-10-23 23:15:00 UTC,0.5,15,L
2015-10-24 05:04:00 UTC,1.9,58,H
2015-10-24 12:02:00 UTC,0.4,12,L
2015-10-24 17:42:00 UTC,1.9,58,H
2015-10-25 00:24:00 UTC,0.5,15,L
2015-10-25 05:59:00 UTC,1.9,58,H
2015-10-25 12:45:00 UTC,0.2,6,L
2015-10-25 18:39:00 UTC,2.0,61,H
2015-10-26 01:29:00 UTC,0.4,12,L
2015-10-26 06:52:00 UTC,1.8,55,H
2015-10-26 13:28:00 UTC,0.1,3,L
2015-10-26 19:34:00 UTC,2.2,67,H
2015-10-27 02:30:00 UTC,0.4,12,L
2015-10-27 07:43:00 UTC,1.7,52,H
2015-10-27 14:11:00 UTC,0.0,0,L
2015-10-27 20:27:00 UTC,2.3,70,H
2015-10-28 03:29:00 UTC,0.4,12,L
2015-10-28 08:33:00 UTC,1.7,52,H
2015-10-28 14:55:00 UTC,0.0,0,L
2015-10-28 21:19:00 UTC,2.3,70,H
2015-10-29 04:27:00 UTC,0.4,12,L
2015-10-29 09:23:00 UTC,1.6,49,H
2015-10-29 15:40:00 UTC,0.0,0,L
2015-10-29 22:10:00 UTC,2.3,70,H
2015-10-30 05:25:00 UTC,0.5,15,L
2015-10-30 10:14:00 UTC,1.5,46,H
2015-10-30 16:27:00 UTC,0.0,0,L
2015-10-30 23:02:00 UTC,2.2,67,H
2015-10-31 06:22:00 UTC,0.5,15,L
2015-10-31 11:07:00 UTC,1.4,43,H
2015-10-31 17:17:00 UTC,0.1,3,L
2015-10-31 23:55:00 UTC,2.1,64,H
2015-11-01 07:19:00 UTC,0.5,15,L
2015-11-01 12:03:00 UTC,1.4,43,H
2015-11-01 18:12:00 UTC,0.2,6,L
2015-11-02 00:50:00 UTC,2.0,61,H
2015-11-02 08:16:00 UTC,0.6,18,L
2015-11-02 13:01:00 UTC,1.3,40,H
2015-11-02 19:13:00 UTC,0.4,12,L
2015-11-03 01:46:00 UTC,1.9,58,H
2015-11-03 09:11:00 UTC,0.6,18,L
2015-11-03 14:03:00 UTC,1.3,40,H
2015-11-03 20:19:00 UTC,0.5,15,L
2015-11-04 02:43:00 UTC,1.8,55,H
2015-11-04 10:02:00 UTC,0.5,15,L
2015-11-04 15:06:00 UTC,1.4,43,H
2015-11-04 21:28:00 UTC,0.5,15,L
2015-11-05 03:38:00 UTC,1.7,52,H
2015-11-05 10:48:00 UTC,0.5,15,L
2015-11-05 16:08:00 UTC,1.4,43,H
2015-11-05 22:35:00 UTC,0.6,18,L
2015-11-06 04:29:00 UTC,1.6,49,H
2015-11-06 11:28:00 UTC,0.4,12,L
2015-11-06 17:07:00 UTC,1.5,46,H
2015-11-06 23:37:00 UTC,0.6,18,L
2015-11-07 05:16:00 UTC,1.5,46,H
2015-11-07 12:04:00 UTC,0.4,12,L
2015-11-07 18:00:00 UTC,1.6,49,H
2015-11-08 00:33:00 UTC,0.6,18,L
2015-11-08 05:58:00 UTC,1.5,46,H
2015-11-08 12:37:00 UTC,0.3,9,L
2015-11-08 18:47:00 UTC,1.7,52,H
2015-11-09 01:25:00 UTC,0.6,18,L
2015-11-09 06:38:00 UTC,1.4,43,H
2015-11-09 13:08:00 UTC,0.2,6,L
2015-11-09 19:29:00 UTC,1.7,52,H
2015-11-10 02:13:00 UTC,0.6,18,L
2015-11-10 07:17:00 UTC,1.4,43,H
2015-11-10 13:38:00 UTC,0.2,6,L
2015-11-10 20:07:00 UTC,1.8,55,H
2015-11-11 02:58:00 UTC,0.6,18,L
2015-11-11 07:56:00 UTC,1.3,40,H
2015-11-11 14:10:00 UTC,0.1,3,L
2015-11-11 20:42:00 UTC,1.8,55,H
2015-11-12 03:41:00 UTC,0.5,15,L
2015-11-12 08:35:00 UTC,1.3,40,H
2015-11-12 14:42:00 UTC,0.1,3,L
2015-11-12 21:16:00 UTC,1.9,58,H
2015-11-13 04:25:00 UTC,0.5,15,L
2015-11-13 09:15:00 UTC,1.2,37,H
2015-11-13 15:17:00 UTC,0.1,3,L
2015-11-13 21:51:00 UTC,1.9,58,H
2015-11-14 05:08:00 UTC,0.5,15,L
2015-11-14 09:56:00 UTC,1.2,37,H
2015-11-14 15:55:00 UTC,0.1,3,L
2015-11-14 22:29:00 UTC,1.9,58,H
2015-11-15 05:52:00 UTC,0.4,12,L
2015-11-15 10:41:00 UTC,1.2,37,H
2015-11-15 16:36:00 UTC,0.1,3,L
2015-11-15 23:11:00 UTC,1.9,58,H
2015-11-16 06:38:00 UTC,0.4,12,L
2015-11-16 11:29:00 UTC,1.2,37,H
2015-11-16 17:23:00 UTC,0.2,6,L
2015-11-16 23:57:00 UTC,1.9,58,H
2015-11-17 07:25:00 UTC,0.4,12,L
2015-11-17 12:22:00 UTC,1.2,37,H
2015-11-17 18:19:00 UTC,0.2,6,L
2015-11-18 00:48:00 UTC,1.8,55,H
2015-11-18 08:14:00 UTC,0.3,9,L
2015-11-18 13:19:00 UTC,1.2,37,H
2015-11-18 19:24:00 UTC,0.3,9,L
2015-11-19 01:43:00 UTC,1.8,55,H
2015-11-19 09:03:00 UTC,0.3,9,L
2015-11-19 14:21:00 UTC,1.3,40,H
2015-11-19 20:38:00 UTC,0.3,9,L
2015-11-20 02:40:00 UTC,1.7,52,H
2015-11-20 09:51:00 UTC,0.2,6,L
2015-11-20 15:24:00 UTC,1.4,43,H
2015-11-20 21:56:00 UTC,0.3,9,L
2015-11-21 03:38:00 UTC,1.6,49,H
2015-11-21 10:38:00 UTC,0.0,0,L
2015-11-21 16:27:00 UTC,1.6,49,H
2015-11-21 23:12:00 UTC,0.3,9,L
2015-11-22 04:35:00 UTC,1.5,46,H
2015-11-22 11:24:00 UTC,-0.1,-3,L
2015-11-22 17:27:00 UTC,1.7,52,H
2015-11-23 00:22:00 UTC,0.3,9,L
2015-11-23 05:31:00 UTC,1.4,43,H
2015-11-23 12:10:00 UTC,-0.2,-6,L
2015-11-23 18:25:00 UTC,1.9,58,H
2015-11-24 01:27:00 UTC,0.2,6,L
2015-11-24 06:26:00 UTC,1.3,40,H
2015-11-24 12:56:00 UTC,-0.3,-9,L
2015-11-24 19:20:00 UTC,2.0,61,H
2015-11-25 02:27:00 UTC,0.2,6,L
2015-11-25 07:19:00 UTC,1.3,40,H
2015-11-25 13:42:00 UTC,-0.3,-9,L
2015-11-25 20:12:00 UTC,2.0,61,H
2015-11-26 03:24:00 UTC,0.1,3,L
2015-11-26 08:11:00 UTC,1.2,37,H
2015-11-26 14:28:00 UTC,-0.3,-9,L
2015-11-26 21:03:00 UTC,2.1,64,H
2015-11-27 04:18:00 UTC,0.1,3,L
2015-11-27 09:02:00 UTC,1.2,37,H
2015-11-27 15:15:00 UTC,-0.3,-9,L
2015-11-27 21:53:00 UTC,2.0,61,H
2015-11-28 05:10:00 UTC,0.1,3,L
2015-11-28 09:54:00 UTC,1.1,34,H
2015-11-28 16:03:00 UTC,-0.2,-6,L
2015-11-28 22:42:00 UTC,1.9,58,H
2015-11-29 06:00:00 UTC,0.2,6,L
2015-11-29 10:46:00 UTC,1.1,34,H
2015-11-29 16:53:00 UTC,-0.2,-6,L
2015-11-29 23:31:00 UTC,1.8,55,H
2015-11-30 06:50:00 UTC,0.2,6,L
2015-11-30 11:39:00 UTC,1.1,34,H
2015-11-30 17:46:00 UTC,0.0,0,L
2015-12-01 00:19:00 UTC,1.7,52,H
2015-12-01 07:38:00 UTC,0.2,6,L
2015-12-01 12:34:00 UTC,1.1,34,H
2015-12-01 18:43:00 UTC,0.1,3,L
2015-12-02 01:08:00 UTC,1.5,46,H
2015-12-02 08:24:00 UTC,0.2,6,L
2015-12-02 13:32:00 UTC,1.1,34,H
2015-12-02 19:44:00 UTC,0.2,6,L
2015-12-03 01:57:00 UTC,1.4,43,H
2015-12-03 09:08:00 UTC,0.2,6,L
2015-12-03 14:32:00 UTC,1.1,34,H
2015-12-03 20:51:00 UTC,0.3,9,L
2015-12-04 02:46:00 UTC,1.3,40,H
2015-12-04 09:50:00 UTC,0.1,3,L
2015-12-04 15:34:00 UTC,1.2,37,H
2015-12-04 22:00:00 UTC,0.4,12,L
2015-12-05 03:34:00 UTC,1.2,37,H
2015-12-05 10:29:00 UTC,0.0,0,L
2015-12-05 16:33:00 UTC,1.2,37,H
2015-12-05 23:06:00 UTC,0.4,12,L
2015-12-06 04:21:00 UTC,1.1,34,H
2015-12-06 11:06:00 UTC,0.0,0,L
2015-12-06 17:27:00 UTC,1.3,40,H
2015-12-07 00:08:00 UTC,0.4,12,L
2015-12-07 05:07:00 UTC,1.1,34,H
2015-12-07 11:42:00 UTC,-0.1,-3,L
2015-12-07 18:16:00 UTC,1.4,43,H
2015-12-08 01:03:00 UTC,0.4,12,L
2015-12-08 05:53:00 UTC,1.0,30,H
2015-12-08 12:19:00 UTC,-0.2,-6,L
2015-12-08 18:58:00 UTC,1.5,46,H
2015-12-09 01:54:00 UTC,0.3,9,L
2015-12-09 06:38:00 UTC,1.0,30,H
2015-12-09 12:56:00 UTC,-0.2,-6,L
2015-12-09 19:37:00 UTC,1.5,46,H
2015-12-10 02:40:00 UTC,0.2,6,L
2015-12-10 07:23:00 UTC,0.9,27,H
2015-12-10 13:34:00 UTC,-0.3,-9,L
2015-12-10 20:13:00 UTC,1.6,49,H
2015-12-11 03:24:00 UTC,0.2,6,L
2015-12-11 08:06:00 UTC,0.9,27,H
2015-12-11 14:13:00 UTC,-0.3,-9,L
2015-12-11 20:50:00 UTC,1.6,49,H
2015-12-12 04:06:00 UTC,0.1,3,L
2015-12-12 08:50:00 UTC,0.9,27,H
2015-12-12 14:53:00 UTC,-0.3,-9,L
2015-12-12 21:28:00 UTC,1.7,52,H
2015-12-13 04:47:00 UTC,0.1,3,L
2015-12-13 09:35:00 UTC,0.9,27,H
2015-12-13 15:36:00 UTC,-0.3,-9,L
2015-12-13 22:09:00 UTC,1.7,52,H
2015-12-14 05:29:00 UTC,0.0,0,L
2015-12-14 10:22:00 UTC,0.9,27,H
2015-12-14 16:23:00 UTC,-0.2,-6,L
2015-12-14 22:52:00 UTC,1.7,52,H
2015-12-15 06:11:00 UTC,0.0,0,L
2015-12-15 11:11:00 UTC,1.0,30,H
2015-12-15 17:14:00 UTC,-0.2,-6,L
2015-12-15 23:39:00 UTC,1.6,49,H
2015-12-16 06:55:00 UTC,-0.1,-3,L
2015-12-16 12:05:00 UTC,1.0,30,H
2015-12-16 18:13:00 UTC,-0.1,-3,L
2015-12-17 00:28:00 UTC,1.5,46,H
2015-12-17 07:40:00 UTC,-0.1,-3,L
2015-12-17 13:02:00 UTC,1.1,34,H
2015-12-17 19:20:00 UTC,0.0,0,L
2015-12-18 01:21:00 UTC,1.4,43,H
2015-12-18 08:26:00 UTC,-0.2,-6,L
2015-12-18 14:03:00 UTC,1.2,37,H
2015-12-18 20:35:00 UTC,0.0,0,L
2015-12-19 02:15:00 UTC,1.3,40,H
2015-12-19 09:14:00 UTC,-0.3,-9,L
2015-12-19 15:07:00 UTC,1.3,40,H
2015-12-19 21:53:00 UTC,0.1,3,L
2015-12-20 03:12:00 UTC,1.2,37,H
2015-12-20 10:03:00 UTC,-0.4,-12,L
2015-12-20 16:11:00 UTC,1.4,43,H
2015-12-20 23:09:00 UTC,0.1,3,L
2015-12-21 04:09:00 UTC,1.1,34,H
2015-12-21 10:52:00 UTC,-0.5,-15,L
2015-12-21 17:13:00 UTC,1.5,46,H
2015-12-22 00:19:00 UTC,0.0,0,L
2015-12-22 05:07:00 UTC,1.0,30,H
2015-12-22 11:42:00 UTC,-0.5,-15,L
2015-12-22 18:12:00 UTC,1.6,49,H
2015-12-23 01:23:00 UTC,0.0,0,L
2015-12-23 06:04:00 UTC,0.9,27,H
2015-12-23 12:32:00 UTC,-0.6,-18,L
2015-12-23 19:08:00 UTC,1.7,52,H
2015-12-24 02:20:00 UTC,-0.1,-3,L
2015-12-24 06:59:00 UTC,0.9,27,H
2015-12-24 13:22:00 UTC,-0.6,-18,L
2015-12-24 20:00:00 UTC,1.7,52,H
2015-12-25 03:13:00 UTC,-0.1,-3,L
2015-12-25 07:52:00 UTC,0.9,27,H
2015-12-25 14:11:00 UTC,-0.6,-18,L
2015-12-25 20:50:00 UTC,1.7,52,H
2015-12-26 04:02:00 UTC,-0.1,-3,L
2015-12-26 08:44:00 UTC,0.9,27,H
2015-12-26 14:59:00 UTC,-0.6,-18,L
2015-12-26 21:37:00 UTC,1.6,49,H
2015-12-27 04:48:00 UTC,-0.1,-3,L
2015-12-27 09:33:00 UTC,0.9,27,H
2015-12-27 15:47:00 UTC,-0.5,-15,L
2015-12-27 22:22:00 UTC,1.6,49,H
2015-12-28 05:31:00 UTC,-0.1,-3,L
2015-12-28 10:22:00 UTC,0.9,27,H
2015-12-28 16:34:00 UTC,-0.4,-12,L
2015-12-28 23:05:00 UTC,1.5,46,H
2015-12-29 06:12:00 UTC,-0.1,-3,L
2015-12-29 11:12:00 UTC,0.9,27,H
2015-12-29 17:23:00 UTC,-0.3,-9,L
2015-12-29 23:48:00 UTC,1.4,43,H
2015-12-30 06:51:00 UTC,-0.1,-3,L
2015-12-30 12:02:00 UTC,0.9,27,H
2015-12-30 18:13:00 UTC,-0.2,-6,L
2015-12-31 00:29:00 UTC,1.3,40,H
2015-12-31 07:29:00 UTC,-0.1,-3,L
2015-12-31 12:55:00 UTC,0.9,27,H
2015-12-31 19:08:00 UTC,0.0,0,L
