time,feet,centimeters,tide
2014-12-31 03:50:00 UTC,-0.4,-12,L
2014-12-31 10:08:00 UTC,6.4,195,H
2014-12-31 16:36:00 UTC,-0.2,-6,L
2014-12-31 22:33:00 UTC,5.5,168,H
2015-01-01 04:45:00 UTC,-0.5,-15,L
2015-01-01 11:09:00 UTC,6.5,198,H
2015-01-01 17:30:00 UTC,-0.4,-12,L
2015-01-01 23:34:00 UTC,5.6,171,H
2015-01-02 05:36:00 UTC,-0.5,-15,L
2015-01-02 12:02:00 UTC,6.7,204,H
2015-01-02 18:21:00 UTC,-0.5,-15,L
2015-01-03 00:26:00 UTC,5.7,174,H
2015-01-03 06:25:00 UTC,-0.5,-15,L
2015-01-03 12:49:00 UTC,6.8,207,H
2015-01-03 19:10:00 UTC,-0.6,-18,L
2015-01-04 01:14:00 UTC,5.8,177,H
2015-01-04 07:12:00 UTC,-0.5,-15,L
2015-01-04 13:32:00 UTC,6.8,207,H
2015-01-04 19:56:00 UTC,-0.7,-21,L
2015-01-05 01:58:00 UTC,5.8,177,H
2015-01-05 07:57:00 UTC,-0.4,-12,L
2015-01-05 14:12:00 UTC,6.7,204,H
2015-01-05 20:40:00 UTC,-0.7,-21,L
2015-01-06 02:42:00 UTC,5.8,177,H
2015-01-06 08:40:00 UTC,-0.3,-9,L
2015-01-06 14:52:00 UTC,6.6,201,H
2015-01-06 21:21:00 UTC,-0.6,-18,L
2015-01-07 03:25:00 UTC,5.7,174,H
2015-01-07 09:21:00 UTC,-0.2,-6,L
2015-01-07 15:32:00 UTC,6.3,192,H
2015-01-07 22:00:00 UTC,-0.5,-15,L
2015-01-08 04:10:00 UTC,5.6,171,H
2015-01-08 10:00:00 UTC,0.1,3,L
2015-01-08 16:12:00 UTC,6.1,186,H
2015-01-08 22:37:00 UTC,-0.2,-6,L
2015-01-09 04:55:00 UTC,5.4,165,H
2015-01-09 10:38:00 UTC,0.4,12,L
2015-01-09 16:52:00 UTC,5.8,177,H
2015-01-09 23:14:00 UTC,0.1,3,L
2015-01-10 05:39:00 UTC,5.3,162,H
2015-01-10 11:16:00 UTC,0.7,21,L
2015-01-10 17:33:00 UTC,5.5,168,H
2015-01-10 23:51:00 UTC,0.4,12,L
2015-01-11 06:21:00 UTC,5.2,158,H
2015-01-11 11:58:00 UTC,1.0,30,L
2015-01-11 18:12:00 UTC,5.2,158,H
2015-01-12 00:32:00 UTC,0.6,18,L
2015-01-12 07:01:00 UTC,5.2,158,H
2015-01-12 12:55:00 UTC,1.2,37,L
2015-01-12 18:53:00 UTC,5.0,152,H
2015-01-13 01:22:00 UTC,0.8,24,L
2015-01-13 07:41:00 UTC,5.2,158,H
2015-01-13 14:05:00 UTC,1.3,40,L
2015-01-13 19:37:00 UTC,4.8,146,H
2015-01-14 02:22:00 UTC,0.8,24,L
2015-01-14 08:25:00 UTC,5.3,162,H
2015-01-14 15:09:00 UTC,1.1,34,L
2015-01-14 20:29:00 UTC,4.7,143,H
2015-01-15 03:18:00 UTC,0.7,21,L
2015-01-15 09:16:00 UTC,5.5,168,H
2015-01-15 16:05:00 UTC,0.8,24,L
2015-01-15 21:32:00 UTC,4.7,143,H
2015-01-16 04:11:00 UTC,0.4,12,L
2015-01-16 10:14:00 UTC,5.8,177,H
2015-01-16 16:58:00 UTC,0.3,9,L
2015-01-16 22:38:00 UTC,4.9,149,H
2015-01-17 05:03:00 UTC,0.1,3,L
2015-01-17 11:12:00 UTC,6.3,192,H
2015-01-17 17:49:00 UTC,-0.2,-6,L
2015-01-17 23:38:00 UTC,5.3,162,H
2015-01-18 05:54:00 UTC,-0.3,-9,L
2015-01-18 12:04:00 UTC,6.7,204,H
2015-01-18 18:40:00 UTC,-0.7,-21,L
2015-01-19 00:31:00 UTC,5.7,174,H
2015-01-19 06:46:00 UTC,-0.7,-21,L
2015-01-19 12:53:00 UTC,7.2,219,H
2015-01-19 19:29:00 UTC,-1.1,-34,L
2015-01-20 01:20:00 UTC,6.1,186,H
2015-01-20 07:38:00 UTC,-1.1,-34,L
2015-01-20 13:41:00 UTC,7.5,229,H
2015-01-20 20:18:00 UTC,-1.5,-46,L
2015-01-21 02:09:00 UTC,6.4,195,H
2015-01-21 08:29:00 UTC,-1.3,-40,L
2015-01-21 14:30:00 UTC,7.6,232,H
2015-01-21 21:06:00 UTC,-1.7,-52,L
2015-01-22 03:00:00 UTC,6.6,201,H
2015-01-22 09:19:00 UTC,-1.4,-43,L
2015-01-22 15:21:00 UTC,7.5,229,H
2015-01-22 21:53:00 UTC,-1.8,-55,L
2015-01-23 03:54:00 UTC,6.6,201,H
2015-01-23 10:10:00 UTC,-1.3,-40,L
2015-01-23 16:16:00 UTC,7.3,223,H
2015-01-23 22:41:00 UTC,-1.6,-49,L
2015-01-24 04:52:00 UTC,6.6,201,H
2015-01-24 11:03:00 UTC,-1.0,-30,L
2015-01-24 17:14:00 UTC,6.9,210,H
2015-01-24 23:31:00 UTC,-1.3,-40,L
2015-01-25 05:50:00 UTC,6.6,201,H
2015-01-25 12:00:00 UTC,-0.6,-18,L
2015-01-25 18:11:00 UTC,6.5,198,H
2015-01-26 00:26:00 UTC,-0.9,-27,L
2015-01-26 06:47:00 UTC,6.4,195,H
2015-01-26 13:04:00 UTC,-0.2,-6,L
2015-01-26 19:09:00 UTC,6.1,186,H
2015-01-27 01:26:00 UTC,-0.5,-15,L
2015-01-27 07:43:00 UTC,6.3,192,H
2015-01-27 14:12:00 UTC,0.1,3,L
2015-01-27 20:07:00 UTC,5.7,174,H
2015-01-28 02:28:00 UTC,-0.2,-6,L
2015-01-28 08:42:00 UTC,6.1,186,H
2015-01-28 15:17:00 UTC,0.1,3,L
2015-01-28 21:09:00 UTC,5.4,165,H
2015-01-29 03:28:00 UTC,-0.1,-3,L
2015-01-29 09:45:00 UTC,6.0,183,H
2015-01-29 16:16:00 UTC,0.1,3,L
2015-01-29 22:14:00 UTC,5.3,162,H
2015-01-30 04:23:00 UTC,0.0,0,L
2015-01-30 10:47:00 UTC,6.1,186,H
2015-01-30 17:10:00 UTC,-0.1,-3,L
2015-01-30 23:15:00 UTC,5.3,162,H
2015-01-31 05:15:00 UTC,-0.1,-3,L
2015-01-31 11:43:00 UTC,6.2,189,H
2015-01-31 18:01:00 UTC,-0.2,-6,L
2015-02-01 00:09:00 UTC,5.5,168,H
2015-02-01 06:04:00 UTC,-0.1,-3,L
2015-02-01 12:32:00 UTC,6.3,192,H
2015-02-01 18:48:00 UTC,-0.4,-12,L
2015-02-02 00:56:00 UTC,5.7,174,H
2015-02-02 06:51:00 UTC,-0.2,-6,L
2015-02-02 13:14:00 UTC,6.4,195,H
2015-02-02 19:33:00 UTC,-0.5,-15,L
2015-02-03 01:39:00 UTC,5.8,177,H
2015-02-03 07:36:00 UTC,-0.3,-9,L
2015-02-03 13:54:00 UTC,6.5,198,H
2015-02-03 20:14:00 UTC,-0.6,-18,L
2015-02-04 02:20:00 UTC,5.9,180,H
2015-02-04 08:18:00 UTC,-0.3,-9,L
2015-02-04 14:31:00 UTC,6.4,195,H
2015-02-04 20:54:00 UTC,-0.6,-18,L
2015-02-05 02:59:00 UTC,5.9,180,H
2015-02-05 08:58:00 UTC,-0.3,-9,L
2015-02-05 15:07:00 UTC,6.3,192,H
2015-02-05 21:31:00 UTC,-0.5,-15,L
2015-02-06 03:39:00 UTC,5.8,177,H
2015-02-06 09:36:00 UTC,-0.1,-3,L
2015-02-06 15:43:00 UTC,6.1,186,H
2015-02-06 22:05:00 UTC,-0.3,-9,L
2015-02-07 04:17:00 UTC,5.7,174,H
2015-02-07 10:13:00 UTC,0.1,3,L
2015-02-07 16:18:00 UTC,5.8,177,H
2015-02-07 22:38:00 UTC,0.0,0,L
2015-02-08 04:54:00 UTC,5.6,171,H
2015-02-08 10:47:00 UTC,0.3,9,L
2015-02-08 16:52:00 UTC,5.5,168,H
2015-02-08 23:06:00 UTC,0.2,6,L
2015-02-09 05:30:00 UTC,5.5,168,H
2015-02-09 11:22:00 UTC,0.6,18,L
2015-02-09 17:27:00 UTC,5.3,162,H
2015-02-09 23:32:00 UTC,0.5,15,L
2015-02-10 06:04:00 UTC,5.4,165,H
2015-02-10 12:02:00 UTC,0.9,27,L
2015-02-10 18:06:00 UTC,5.1,155,H
2015-02-11 00:02:00 UTC,0.7,21,L
2015-02-11 06:42:00 UTC,5.4,165,H
2015-02-11 13:05:00 UTC,1.1,34,L
2015-02-11 18:52:00 UTC,4.9,149,H
2015-02-12 00:56:00 UTC,0.9,27,L
2015-02-12 07:27:00 UTC,5.5,168,H
2015-02-12 14:24:00 UTC,1.1,34,L
2015-02-12 19:45:00 UTC,4.8,146,H
2015-02-13 02:26:00 UTC,0.9,27,L
2015-02-13 08:22:00 UTC,5.6,171,H
2015-02-13 15:30:00 UTC,0.8,24,L
2015-02-13 20:48:00 UTC,4.9,149,H
2015-02-14 03:36:00 UTC,0.6,18,L
2015-02-14 09:27:00 UTC,5.9,180,H
2015-02-14 16:28:00 UTC,0.4,12,L
2015-02-14 22:01:00 UTC,5.1,155,H
2015-02-15 04:36:00 UTC,0.2,6,L
2015-02-15 10:36:00 UTC,6.2,189,H
2015-02-15 17:22:00 UTC,-0.1,-3,L
2015-02-15 23:11:00 UTC,5.5,168,H
2015-02-16 05:32:00 UTC,-0.3,-9,L
2015-02-16 11:39:00 UTC,6.7,204,H
2015-02-16 18:14:00 UTC,-0.6,-18,L
2015-02-17 00:10:00 UTC,6.0,183,H
2015-02-17 06:27:00 UTC,-0.8,-24,L
2015-02-17 12:34:00 UTC,7.2,219,H
2015-02-17 19:05:00 UTC,-1.2,-37,L
2015-02-18 01:02:00 UTC,6.5,198,H
2015-02-18 07:20:00 UTC,-1.2,-37,L
2015-02-18 13:25:00 UTC,7.5,229,H
2015-02-18 19:55:00 UTC,-1.6,-49,L
2015-02-19 01:52:00 UTC,6.9,210,H
2015-02-19 08:13:00 UTC,-1.5,-46,L
2015-02-19 14:15:00 UTC,7.7,235,H
2015-02-19 20:43:00 UTC,-1.8,-55,L
2015-02-20 02:42:00 UTC,7.2,219,H
2015-02-20 09:04:00 UTC,-1.6,-49,L
2015-02-20 15:06:00 UTC,7.6,232,H
2015-02-20 21:31:00 UTC,-1.8,-55,L
2015-02-21 03:34:00 UTC,7.2,219,H
2015-02-21 09:55:00 UTC,-1.5,-46,L
2015-02-21 16:00:00 UTC,7.3,223,H
2015-02-21 22:17:00 UTC,-1.6,-49,L
2015-02-22 04:29:00 UTC,7.2,219,H
2015-02-22 10:46:00 UTC,-1.2,-37,L
2015-02-22 16:56:00 UTC,7.0,213,H
2015-02-22 23:06:00 UTC,-1.2,-37,L
2015-02-23 05:25:00 UTC,7.0,213,H
2015-02-23 11:41:00 UTC,-0.7,-21,L
2015-02-23 17:53:00 UTC,6.5,198,H
2015-02-23 23:58:00 UTC,-0.7,-21,L
2015-02-24 06:21:00 UTC,6.7,204,H
2015-02-24 12:41:00 UTC,-0.2,-6,L
2015-02-24 18:50:00 UTC,6.1,186,H
2015-02-25 00:56:00 UTC,-0.1,-3,L
2015-02-25 07:17:00 UTC,6.4,195,H
2015-02-25 13:46:00 UTC,0.2,6,L
2015-02-25 19:47:00 UTC,5.7,174,H
2015-02-26 01:59:00 UTC,0.3,9,L
2015-02-26 08:15:00 UTC,6.1,186,H
2015-02-26 14:52:00 UTC,0.4,12,L
2015-02-26 20:47:00 UTC,5.4,165,H
2015-02-27 03:02:00 UTC,0.5,15,L
2015-02-27 09:16:00 UTC,5.9,180,H
2015-02-27 15:52:00 UTC,0.4,12,L
2015-02-27 21:50:00 UTC,5.3,162,H
2015-02-28 04:00:00 UTC,0.6,18,L
2015-02-28 10:20:00 UTC,5.8,177,H
2015-02-28 16:46:00 UTC,0.3,9,L
2015-02-28 22:52:00 UTC,5.3,162,H
2015-03-01 04:53:00 UTC,0.5,15,L
2015-03-01 11:18:00 UTC,5.9,180,H
2015-03-01 17:35:00 UTC,0.2,6,L
2015-03-01 23:47:00 UTC,5.6,171,H
2015-03-02 05:42:00 UTC,0.3,9,L
2015-03-02 12:09:00 UTC,6.1,186,H
2015-03-02 18:21:00 UTC,0.0,0,L
2015-03-03 00:34:00 UTC,5.8,177,H
2015-03-03 06:29:00 UTC,0.2,6,L
2015-03-03 12:52:00 UTC,6.2,189,H
2015-03-03 19:04:00 UTC,-0.1,-3,L
2015-03-04 01:16:00 UTC,6.1,186,H
2015-03-04 07:13:00 UTC,0.0,0,L
2015-03-04 13:31:00 UTC,6.3,192,H
2015-03-04 19:45:00 UTC,-0.2,-6,L
2015-03-05 01:54:00 UTC,6.2,189,H
2015-03-05 07:55:00 UTC,-0.1,-3,L
2015-03-05 14:07:00 UTC,6.4,195,H
2015-03-05 20:23:00 UTC,-0.3,-9,L
2015-03-06 02:31:00 UTC,6.3,192,H
2015-03-06 08:35:00 UTC,-0.2,-6,L
2015-03-06 14:42:00 UTC,6.3,192,H
2015-03-06 20:59:00 UTC,-0.2,-6,L
2015-03-07 03:06:00 UTC,6.3,192,H
2015-03-07 09:13:00 UTC,-0.1,-3,L
2015-03-07 15:15:00 UTC,6.1,186,H
2015-03-07 21:33:00 UTC,-0.1,-3,L
2015-03-08 03:39:00 UTC,6.2,189,H
2015-03-08 09:49:00 UTC,0.0,0,L
2015-03-08 15:47:00 UTC,5.9,180,H
2015-03-08 22:04:00 UTC,0.1,3,L
2015-03-09 04:09:00 UTC,6.1,186,H
2015-03-09 10:24:00 UTC,0.2,6,L
2015-03-09 16:18:00 UTC,5.7,174,H
2015-03-09 22:31:00 UTC,0.3,9,L
2015-03-10 04:39:00 UTC,6.0,183,H
2015-03-10 10:58:00 UTC,0.4,12,L
2015-03-10 16:53:00 UTC,5.5,168,H
2015-03-10 22:55:00 UTC,0.6,18,L
2015-03-11 05:13:00 UTC,5.9,180,H
2015-03-11 11:34:00 UTC,0.7,21,L
2015-03-11 17:34:00 UTC,5.3,162,H
2015-03-11 23:26:00 UTC,0.8,24,L
2015-03-12 05:56:00 UTC,5.9,180,H
2015-03-12 12:25:00 UTC,0.9,27,L
2015-03-12 18:23:00 UTC,5.2,158,H
2015-03-13 00:12:00 UTC,1.0,30,L
2015-03-13 06:47:00 UTC,5.9,180,H
2015-03-13 13:45:00 UTC,1.0,30,L
2015-03-13 19:19:00 UTC,5.1,155,H
2015-03-14 01:41:00 UTC,1.1,34,L
2015-03-14 07:46:00 UTC,6.0,183,H
2015-03-14 14:58:00 UTC,0.9,27,L
2015-03-14 20:24:00 UTC,5.2,158,H
2015-03-15 03:09:00 UTC,0.9,27,L
2015-03-15 08:53:00 UTC,6.1,186,H
2015-03-15 16:00:00 UTC,0.5,15,L
2015-03-15 21:36:00 UTC,5.5,168,H
2015-03-16 04:14:00 UTC,0.5,15,L
2015-03-16 10:07:00 UTC,6.4,195,H
2015-03-16 16:55:00 UTC,0.0,0,L
2015-03-16 22:48:00 UTC,5.9,180,H
2015-03-17 05:13:00 UTC,-0.1,-3,L
2015-03-17 11:16:00 UTC,6.8,207,H
2015-03-17 17:48:00 UTC,-0.6,-18,L
2015-03-17 23:49:00 UTC,6.5,198,H
2015-03-18 06:09:00 UTC,-0.6,-18,L
2015-03-18 12:15:00 UTC,7.2,219,H
2015-03-18 18:40:00 UTC,-1.0,-30,L
2015-03-19 00:43:00 UTC,7.1,216,H
2015-03-19 07:03:00 UTC,-1.1,-34,L
2015-03-19 13:08:00 UTC,7.5,229,H
2015-03-19 19:30:00 UTC,-1.4,-43,L
2015-03-20 01:33:00 UTC,7.5,229,H
2015-03-20 07:57:00 UTC,-1.4,-43,L
2015-03-20 13:58:00 UTC,7.7,235,H
2015-03-20 20:19:00 UTC,-1.6,-49,L
2015-03-21 02:22:00 UTC,7.8,238,H
2015-03-21 08:48:00 UTC,-1.6,-49,L
2015-03-21 14:49:00 UTC,7.6,232,H
2015-03-21 21:07:00 UTC,-1.5,-46,L
2015-03-22 03:12:00 UTC,7.8,238,H
2015-03-22 09:38:00 UTC,-1.5,-46,L
2015-03-22 15:41:00 UTC,7.3,223,H
2015-03-22 21:53:00 UTC,-1.3,-40,L
2015-03-23 04:04:00 UTC,7.6,232,H
2015-03-23 10:28:00 UTC,-1.2,-37,L
2015-03-23 16:37:00 UTC,6.9,210,H
2015-03-23 22:41:00 UTC,-0.8,-24,L
2015-03-24 04:58:00 UTC,7.3,223,H
2015-03-24 11:20:00 UTC,-0.7,-21,L
2015-03-24 17:33:00 UTC,6.5,198,H
2015-03-24 23:30:00 UTC,-0.2,-6,L
2015-03-25 05:54:00 UTC,6.9,210,H
2015-03-25 12:16:00 UTC,-0.1,-3,L
2015-03-25 18:30:00 UTC,6.1,186,H
2015-03-26 00:26:00 UTC,0.4,12,L
2015-03-26 06:49:00 UTC,6.5,198,H
2015-03-26 13:18:00 UTC,0.4,12,L
2015-03-26 19:26:00 UTC,5.8,177,H
2015-03-27 01:28:00 UTC,0.9,27,L
2015-03-27 07:45:00 UTC,6.1,186,H
2015-03-27 14:22:00 UTC,0.7,21,L
2015-03-27 20:23:00 UTC,5.6,171,H
2015-03-28 02:33:00 UTC,1.1,34,L
2015-03-28 08:43:00 UTC,5.8,177,H
2015-03-28 15:22:00 UTC,0.8,24,L
2015-03-28 21:23:00 UTC,5.5,168,H
2015-03-29 03:33:00 UTC,1.2,37,L
2015-03-29 09:44:00 UTC,5.7,174,H
2015-03-29 16:15:00 UTC,0.7,21,L
2015-03-29 22:22:00 UTC,5.6,171,H
2015-03-30 04:27:00 UTC,1.0,30,L
2015-03-30 10:44:00 UTC,5.7,174,H
2015-03-30 17:03:00 UTC,0.6,18,L
2015-03-30 23:17:00 UTC,5.8,177,H
2015-03-31 05:16:00 UTC,0.8,24,L
2015-03-31 11:37:00 UTC,5.9,180,H
2015-03-31 17:48:00 UTC,0.4,12,L
2015-04-01 00:05:00 UTC,6.1,186,H
2015-04-01 06:02:00 UTC,0.6,18,L
2015-04-01 12:23:00 UTC,6.1,186,H
2015-04-01 18:30:00 UTC,0.3,9,L
2015-04-02 00:47:00 UTC,6.4,195,H
2015-04-02 06:46:00 UTC,0.3,9,L
2015-04-02 13:03:00 UTC,6.2,189,H
2015-04-02 19:10:00 UTC,0.2,6,L
2015-04-03 01:25:00 UTC,6.6,201,H
2015-04-03 07:29:00 UTC,0.1,3,L
2015-04-03 13:40:00 UTC,6.3,192,H
2015-04-03 19:49:00 UTC,0.1,3,L
2015-04-04 02:00:00 UTC,6.7,204,H
2015-04-04 08:10:00 UTC,0.0,0,L
2015-04-04 14:14:00 UTC,6.2,189,H
2015-04-04 20:26:00 UTC,0.1,3,L
2015-04-05 02:32:00 UTC,6.7,204,H
2015-04-05 08:50:00 UTC,-0.1,-3,L
2015-04-05 14:47:00 UTC,6.1,186,H
2015-04-05 21:01:00 UTC,0.2,6,L
2015-04-06 03:01:00 UTC,6.7,204,H
2015-04-06 09:28:00 UTC,0.0,0,L
2015-04-06 15:19:00 UTC,6.0,183,H
2015-04-06 21:34:00 UTC,0.3,9,L
2015-04-07 03:29:00 UTC,6.6,201,H
2015-04-07 10:04:00 UTC,0.1,3,L
2015-04-07 15:52:00 UTC,5.8,177,H
2015-04-07 22:04:00 UTC,0.5,15,L
2015-04-08 04:00:00 UTC,6.6,201,H
2015-04-08 10:41:00 UTC,0.3,9,L
2015-04-08 16:30:00 UTC,5.7,174,H
2015-04-08 22:33:00 UTC,0.7,21,L
2015-04-09 04:39:00 UTC,6.5,198,H
2015-04-09 11:20:00 UTC,0.5,15,L
2015-04-09 17:16:00 UTC,5.5,168,H
2015-04-09 23:08:00 UTC,0.9,27,L
2015-04-10 05:28:00 UTC,6.4,195,H
2015-04-10 12:10:00 UTC,0.7,21,L
2015-04-10 18:10:00 UTC,5.5,168,H
2015-04-10 23:59:00 UTC,1.1,34,L
2015-04-11 06:24:00 UTC,6.4,195,H
2015-04-11 13:19:00 UTC,0.8,24,L
2015-04-11 19:08:00 UTC,5.5,168,H
2015-04-12 01:26:00 UTC,1.2,37,L
2015-04-12 07:25:00 UTC,6.3,192,H
2015-04-12 14:31:00 UTC,0.7,21,L
2015-04-12 20:11:00 UTC,5.7,174,H
2015-04-13 02:50:00 UTC,1.0,30,L
2015-04-13 08:32:00 UTC,6.4,195,H
2015-04-13 15:33:00 UTC,0.4,12,L
2015-04-13 21:18:00 UTC,6.0,183,H
2015-04-14 03:56:00 UTC,0.6,18,L
2015-04-14 09:43:00 UTC,6.5,198,H
2015-04-14 16:29:00 UTC,0.0,0,L
2015-04-14 22:27:00 UTC,6.4,195,H
2015-04-15 04:56:00 UTC,0.1,3,L
2015-04-15 10:53:00 UTC,6.8,207,H
2015-04-15 17:22:00 UTC,-0.4,-12,L
2015-04-15 23:29:00 UTC,7.0,213,H
2015-04-16 05:52:00 UTC,-0.4,-12,L
2015-04-16 11:54:00 UTC,7.1,216,H
2015-04-16 18:14:00 UTC,-0.8,-24,L
2015-04-17 00:23:00 UTC,7.5,229,H
2015-04-17 06:47:00 UTC,-0.9,-27,L
2015-04-17 12:49:00 UTC,7.3,223,H
2015-04-17 19:05:00 UTC,-1.1,-34,L
2015-04-18 01:13:00 UTC,7.9,241,H
2015-04-18 07:40:00 UTC,-1.2,-37,L
2015-04-18 13:40:00 UTC,7.4,226,H
2015-04-18 19:54:00 UTC,-1.1,-34,L
2015-04-19 02:01:00 UTC,8.1,247,H
2015-04-19 08:31:00 UTC,-1.3,-40,L
2015-04-19 14:31:00 UTC,7.3,223,H
2015-04-19 20:43:00 UTC,-1.1,-34,L
2015-04-20 02:50:00 UTC,8.0,244,H
2015-04-20 09:21:00 UTC,-1.2,-37,L
2015-04-20 15:23:00 UTC,7.1,216,H
2015-04-20 21:30:00 UTC,-0.8,-24,L
2015-04-21 03:40:00 UTC,7.8,238,H
2015-04-21 10:10:00 UTC,-0.9,-27,L
2015-04-21 16:17:00 UTC,6.8,207,H
2015-04-21 22:17:00 UTC,-0.3,-9,L
2015-04-22 04:32:00 UTC,7.4,226,H
2015-04-22 10:59:00 UTC,-0.5,-15,L
2015-04-22 17:14:00 UTC,6.5,198,H
2015-04-22 23:05:00 UTC,0.2,6,L
2015-04-23 05:26:00 UTC,7.0,213,H
2015-04-23 11:51:00 UTC,0.0,0,L
2015-04-23 18:09:00 UTC,6.2,189,H
2015-04-23 23:56:00 UTC,0.8,24,L
2015-04-24 06:20:00 UTC,6.6,201,H
2015-04-24 12:47:00 UTC,0.5,15,L
2015-04-24 19:03:00 UTC,5.9,180,H
2015-04-25 00:55:00 UTC,1.3,40,L
2015-04-25 07:13:00 UTC,6.2,189,H
2015-04-25 13:47:00 UTC,0.8,24,L
2015-04-25 19:57:00 UTC,5.8,177,H
2015-04-26 01:59:00 UTC,1.6,49,L
2015-04-26 08:07:00 UTC,5.9,180,H
2015-04-26 14:45:00 UTC,1.0,30,L
2015-04-26 20:51:00 UTC,5.7,174,H
2015-04-27 03:00:00 UTC,1.6,49,L
2015-04-27 09:03:00 UTC,5.7,174,H
2015-04-27 15:38:00 UTC,1.0,30,L
2015-04-27 21:46:00 UTC,5.8,177,H
2015-04-28 03:55:00 UTC,1.4,43,L
2015-04-28 10:00:00 UTC,5.6,171,H
2015-04-28 16:25:00 UTC,0.9,27,L
2015-04-28 22:40:00 UTC,6.0,183,H
2015-04-29 04:45:00 UTC,1.2,37,L
2015-04-29 10:56:00 UTC,5.7,174,H
2015-04-29 17:09:00 UTC,0.8,24,L
2015-04-29 23:29:00 UTC,6.2,189,H
2015-04-30 05:32:00 UTC,0.9,27,L
2015-04-30 11:46:00 UTC,5.8,177,H
2015-04-30 17:51:00 UTC,0.6,18,L
2015-05-01 00:13:00 UTC,6.5,198,H
2015-05-01 06:17:00 UTC,0.6,18,L
2015-05-01 12:29:00 UTC,5.9,180,H
2015-05-01 18:32:00 UTC,0.5,15,L
2015-05-02 00:51:00 UTC,6.8,207,H
2015-05-02 07:01:00 UTC,0.4,12,L
2015-05-02 13:08:00 UTC,6.0,183,H
2015-05-02 19:12:00 UTC,0.4,12,L
2015-05-03 01:26:00 UTC,7.0,213,H
2015-05-03 07:44:00 UTC,0.1,3,L
2015-05-03 13:45:00 UTC,6.1,186,H
2015-05-03 19:52:00 UTC,0.4,12,L
2015-05-04 01:58:00 UTC,7.1,216,H
2015-05-04 08:26:00 UTC,0.0,0,L
2015-05-04 14:19:00 UTC,6.1,186,H
2015-05-04 20:30:00 UTC,0.4,12,L
2015-05-05 02:28:00 UTC,7.1,216,H
2015-05-05 09:06:00 UTC,-0.1,-3,L
2015-05-05 14:54:00 UTC,6.0,183,H
2015-05-05 21:07:00 UTC,0.4,12,L
2015-05-06 02:59:00 UTC,7.1,216,H
2015-05-06 09:46:00 UTC,-0.1,-3,L
2015-05-06 15:32:00 UTC,5.9,180,H
2015-05-06 21:43:00 UTC,0.5,15,L
2015-05-07 03:35:00 UTC,7.0,213,H
2015-05-07 10:26:00 UTC,0.0,0,L
2015-05-07 16:16:00 UTC,5.8,177,H
2015-05-07 22:21:00 UTC,0.7,21,L
2015-05-08 04:20:00 UTC,6.9,210,H
2015-05-08 11:09:00 UTC,0.2,6,L
2015-05-08 17:08:00 UTC,5.8,177,H
2015-05-08 23:04:00 UTC,0.8,24,L
2015-05-09 05:14:00 UTC,6.8,207,H
2015-05-09 11:59:00 UTC,0.3,9,L
2015-05-09 18:05:00 UTC,5.8,177,H
2015-05-10 00:01:00 UTC,1.1,34,L
2015-05-10 06:13:00 UTC,6.7,204,H
2015-05-10 13:00:00 UTC,0.4,12,L
2015-05-10 19:02:00 UTC,6.0,183,H
2015-05-11 01:18:00 UTC,1.2,37,L
2015-05-11 07:13:00 UTC,6.6,201,H
2015-05-11 14:06:00 UTC,0.4,12,L
2015-05-11 20:01:00 UTC,6.2,189,H
2015-05-12 02:34:00 UTC,1.0,30,L
2015-05-12 08:17:00 UTC,6.5,198,H
2015-05-12 15:08:00 UTC,0.2,6,L
2015-05-12 21:03:00 UTC,6.5,198,H
2015-05-13 03:40:00 UTC,0.6,18,L
2015-05-13 09:23:00 UTC,6.5,198,H
2015-05-13 16:04:00 UTC,-0.1,-3,L
2015-05-13 22:07:00 UTC,6.8,207,H
2015-05-14 04:39:00 UTC,0.2,6,L
2015-05-14 10:31:00 UTC,6.6,201,H
2015-05-14 16:57:00 UTC,-0.4,-12,L
2015-05-14 23:09:00 UTC,7.3,223,H
2015-05-15 05:35:00 UTC,-0.2,-6,L
2015-05-15 11:34:00 UTC,6.8,207,H
2015-05-15 17:49:00 UTC,-0.6,-18,L
2015-05-16 00:04:00 UTC,7.7,235,H
2015-05-16 06:30:00 UTC,-0.6,-18,L
2015-05-16 12:31:00 UTC,6.9,210,H
2015-05-16 18:40:00 UTC,-0.7,-21,L
2015-05-17 00:54:00 UTC,8.0,244,H
2015-05-17 07:23:00 UTC,-0.8,-24,L
2015-05-17 13:23:00 UTC,7.0,213,H
2015-05-17 19:30:00 UTC,-0.7,-21,L
2015-05-18 01:42:00 UTC,8.1,247,H
2015-05-18 08:14:00 UTC,-0.9,-27,L
2015-05-18 14:13:00 UTC,6.9,210,H
2015-05-18 20:19:00 UTC,-0.6,-18,L
2015-05-19 02:29:00 UTC,8.0,244,H
2015-05-19 09:03:00 UTC,-0.9,-27,L
2015-05-19 15:05:00 UTC,6.8,207,H
2015-05-19 21:07:00 UTC,-0.3,-9,L
2015-05-20 03:17:00 UTC,7.7,235,H
2015-05-20 09:50:00 UTC,-0.7,-21,L
2015-05-20 15:58:00 UTC,6.6,201,H
2015-05-20 21:53:00 UTC,0.1,3,L
2015-05-21 04:07:00 UTC,7.3,223,H
2015-05-21 10:37:00 UTC,-0.4,-12,L
2015-05-21 16:52:00 UTC,6.3,192,H
2015-05-21 22:39:00 UTC,0.5,15,L
2015-05-22 04:59:00 UTC,6.9,210,H
2015-05-22 11:24:00 UTC,0.1,3,L
2015-05-22 17:45:00 UTC,6.1,186,H
2015-05-22 23:27:00 UTC,1.0,30,L
2015-05-23 05:50:00 UTC,6.5,198,H
2015-05-23 12:14:00 UTC,0.5,15,L
2015-05-23 18:37:00 UTC,6.0,183,H
2015-05-24 00:20:00 UTC,1.4,43,L
2015-05-24 06:40:00 UTC,6.2,189,H
2015-05-24 13:07:00 UTC,0.8,24,L
2015-05-24 19:26:00 UTC,5.9,180,H
2015-05-25 01:20:00 UTC,1.7,52,L
2015-05-25 07:28:00 UTC,5.9,180,H
2015-05-25 14:02:00 UTC,1.0,30,L
2015-05-25 20:16:00 UTC,5.8,177,H
2015-05-26 02:21:00 UTC,1.8,55,L
2015-05-26 08:18:00 UTC,5.6,171,H
2015-05-26 14:55:00 UTC,1.1,34,L
2015-05-26 21:06:00 UTC,5.9,180,H
2015-05-27 03:18:00 UTC,1.7,52,L
2015-05-27 09:10:00 UTC,5.5,168,H
2015-05-27 15:43:00 UTC,1.1,34,L
2015-05-27 21:57:00 UTC,6.0,183,H
2015-05-28 04:10:00 UTC,1.5,46,L
2015-05-28 10:06:00 UTC,5.4,165,H
2015-05-28 16:27:00 UTC,1.0,30,L
2015-05-28 22:47:00 UTC,6.2,189,H
2015-05-29 04:58:00 UTC,1.2,37,L
2015-05-29 11:00:00 UTC,5.5,168,H
2015-05-29 17:10:00 UTC,0.9,27,L
2015-05-29 23:32:00 UTC,6.5,198,H
2015-05-30 05:45:00 UTC,0.9,27,L
2015-05-30 11:50:00 UTC,5.6,171,H
2015-05-30 17:52:00 UTC,0.7,21,L
2015-05-31 00:13:00 UTC,6.8,207,H
2015-05-31 06:31:00 UTC,0.5,15,L
2015-05-31 12:33:00 UTC,5.7,174,H
2015-05-31 18:35:00 UTC,0.6,18,L
2015-06-01 00:50:00 UTC,7.0,213,H
2015-06-01 07:16:00 UTC,0.2,6,L
2015-06-01 13:13:00 UTC,5.9,180,H
2015-06-01 19:18:00 UTC,0.5,15,L
2015-06-02 01:25:00 UTC,7.2,219,H
2015-06-02 08:00:00 UTC,0.0,0,L
2015-06-02 13:51:00 UTC,6.0,183,H
2015-06-02 20:01:00 UTC,0.4,12,L
2015-06-03 02:00:00 UTC,7.4,226,H
2015-06-03 08:44:00 UTC,-0.2,-6,L
2015-06-03 14:31:00 UTC,6.0,183,H
2015-06-03 20:44:00 UTC,0.3,9,L
2015-06-04 02:37:00 UTC,7.4,226,H
2015-06-04 09:27:00 UTC,-0.3,-9,L
2015-06-04 15:14:00 UTC,6.1,186,H
2015-06-04 21:27:00 UTC,0.3,9,L
2015-06-05 03:20:00 UTC,7.4,226,H
2015-06-05 10:10:00 UTC,-0.3,-9,L
2015-06-05 16:04:00 UTC,6.1,186,H
2015-06-05 22:11:00 UTC,0.4,12,L
2015-06-06 04:10:00 UTC,7.3,223,H
2015-06-06 10:55:00 UTC,-0.3,-9,L
2015-06-06 16:59:00 UTC,6.2,189,H
2015-06-06 23:00:00 UTC,0.5,15,L
2015-06-07 05:06:00 UTC,7.1,216,H
2015-06-07 11:44:00 UTC,-0.2,-6,L
2015-06-07 17:56:00 UTC,6.3,192,H
2015-06-07 23:58:00 UTC,0.7,21,L
2015-06-08 06:05:00 UTC,6.9,210,H
2015-06-08 12:40:00 UTC,0.0,0,L
2015-06-08 18:53:00 UTC,6.4,195,H
2015-06-09 01:07:00 UTC,0.9,27,L
2015-06-09 07:04:00 UTC,6.8,207,H
2015-06-09 13:42:00 UTC,0.1,3,L
2015-06-09 19:49:00 UTC,6.6,201,H
2015-06-10 02:18:00 UTC,0.8,24,L
2015-06-10 08:03:00 UTC,6.6,201,H
2015-06-10 14:43:00 UTC,0.0,0,L
2015-06-10 20:47:00 UTC,6.8,207,H
2015-06-11 03:23:00 UTC,0.6,18,L
2015-06-11 09:06:00 UTC,6.4,195,H
2015-06-11 15:40:00 UTC,-0.1,-3,L
2015-06-11 21:48:00 UTC,7.0,213,H
2015-06-12 04:23:00 UTC,0.3,9,L
2015-06-12 10:12:00 UTC,6.3,192,H
2015-06-12 16:34:00 UTC,-0.2,-6,L
2015-06-12 22:49:00 UTC,7.3,223,H
2015-06-13 05:19:00 UTC,0.0,0,L
2015-06-13 11:16:00 UTC,6.4,195,H
2015-06-13 17:26:00 UTC,-0.3,-9,L
2015-06-13 23:46:00 UTC,7.6,232,H
2015-06-14 06:13:00 UTC,-0.3,-9,L
2015-06-14 12:14:00 UTC,6.5,198,H
2015-06-14 18:18:00 UTC,-0.3,-9,L
2015-06-15 00:37:00 UTC,7.7,235,H
2015-06-15 07:05:00 UTC,-0.5,-15,L
2015-06-15 13:07:00 UTC,6.5,198,H
2015-06-15 19:09:00 UTC,-0.2,-6,L
2015-06-16 01:25:00 UTC,7.8,238,H
2015-06-16 07:56:00 UTC,-0.6,-18,L
2015-06-16 13:57:00 UTC,6.6,201,H
2015-06-16 19:58:00 UTC,-0.1,-3,L
2015-06-17 02:10:00 UTC,7.7,235,H
2015-06-17 08:43:00 UTC,-0.6,-18,L
2015-06-17 14:46:00 UTC,6.5,198,H
2015-06-17 20:45:00 UTC,0.0,0,L
2015-06-18 02:56:00 UTC,7.5,229,H
2015-06-18 09:29:00 UTC,-0.5,-15,L
2015-06-18 15:36:00 UTC,6.4,195,H
2015-06-18 21:31:00 UTC,0.3,9,L
2015-06-19 03:42:00 UTC,7.2,219,H
2015-06-19 10:13:00 UTC,-0.3,-9,L
2015-06-19 16:27:00 UTC,6.3,192,H
2015-06-19 22:15:00 UTC,0.6,18,L
2015-06-20 04:30:00 UTC,6.8,207,H
2015-06-20 10:55:00 UTC,0.1,3,L
2015-06-20 17:17:00 UTC,6.1,186,H
2015-06-20 22:58:00 UTC,1.0,30,L
2015-06-21 05:17:00 UTC,6.5,198,H
2015-06-21 11:39:00 UTC,0.4,12,L
2015-06-21 18:06:00 UTC,6.0,183,H
2015-06-21 23:45:00 UTC,1.3,40,L
2015-06-22 06:04:00 UTC,6.2,189,H
2015-06-22 12:24:00 UTC,0.7,21,L
2015-06-22 18:52:00 UTC,5.9,180,H
2015-06-23 00:37:00 UTC,1.7,52,L
2015-06-23 06:49:00 UTC,5.9,180,H
2015-06-23 13:13:00 UTC,1.0,30,L
2015-06-23 19:37:00 UTC,5.9,180,H
2015-06-24 01:36:00 UTC,1.8,55,L
2015-06-24 07:33:00 UTC,5.6,171,H
2015-06-24 14:05:00 UTC,1.2,37,L
2015-06-24 20:21:00 UTC,5.9,180,H
2015-06-25 02:36:00 UTC,1.8,55,L
2015-06-25 08:19:00 UTC,5.4,165,H
2015-06-25 14:55:00 UTC,1.2,37,L
2015-06-25 21:08:00 UTC,6.0,183,H
2015-06-26 03:32:00 UTC,1.6,49,L
2015-06-26 09:11:00 UTC,5.2,158,H
2015-06-26 15:43:00 UTC,1.2,37,L
2015-06-26 21:56:00 UTC,6.2,189,H
2015-06-27 04:23:00 UTC,1.4,43,L
2015-06-27 10:08:00 UTC,5.2,158,H
2015-06-27 16:29:00 UTC,1.1,34,L
2015-06-27 22:45:00 UTC,6.4,195,H
2015-06-28 05:12:00 UTC,1.0,30,L
2015-06-28 11:04:00 UTC,5.3,162,H
2015-06-28 17:14:00 UTC,0.9,27,L
2015-06-28 23:31:00 UTC,6.7,204,H
2015-06-29 05:59:00 UTC,0.7,21,L
2015-06-29 11:56:00 UTC,5.5,168,H
2015-06-29 18:00:00 UTC,0.7,21,L
2015-06-30 00:14:00 UTC,7.0,213,H
2015-06-30 06:47:00 UTC,0.3,9,L
2015-06-30 12:41:00 UTC,5.8,177,H
2015-06-30 18:47:00 UTC,0.5,15,L
2015-07-01 00:55:00 UTC,7.3,223,H
2015-07-01 07:34:00 UTC,-0.1,-3,L
2015-07-01 13:25:00 UTC,6.0,183,H
2015-07-01 19:35:00 UTC,0.2,6,L
2015-07-02 01:36:00 UTC,7.6,232,H
2015-07-02 08:20:00 UTC,-0.4,-12,L
2015-07-02 14:08:00 UTC,6.2,189,H
2015-07-02 20:23:00 UTC,0.1,3,L
2015-07-03 02:19:00 UTC,7.7,235,H
2015-07-03 09:06:00 UTC,-0.6,-18,L
2015-07-03 14:55:00 UTC,6.4,195,H
2015-07-03 21:11:00 UTC,-0.1,-3,L
2015-07-04 03:06:00 UTC,7.7,235,H
2015-07-04 09:51:00 UTC,-0.8,-24,L
2015-07-04 15:47:00 UTC,6.5,198,H
2015-07-04 22:00:00 UTC,0.0,0,L
2015-07-05 03:59:00 UTC,7.6,232,H
2015-07-05 10:37:00 UTC,-0.7,-21,L
2015-07-05 16:44:00 UTC,6.7,204,H
2015-07-05 22:51:00 UTC,0.1,3,L
2015-07-06 04:56:00 UTC,7.4,226,H
2015-07-06 11:25:00 UTC,-0.6,-18,L
2015-07-06 17:41:00 UTC,6.8,207,H
2015-07-06 23:47:00 UTC,0.3,9,L
2015-07-07 05:54:00 UTC,7.1,216,H
2015-07-07 12:18:00 UTC,-0.4,-12,L
2015-07-07 18:37:00 UTC,6.9,210,H
2015-07-08 00:51:00 UTC,0.6,18,L
2015-07-08 06:52:00 UTC,6.8,207,H
2015-07-08 13:17:00 UTC,-0.2,-6,L
2015-07-08 19:33:00 UTC,7.0,213,H
2015-07-09 02:00:00 UTC,0.7,21,L
2015-07-09 07:50:00 UTC,6.5,198,H
2015-07-09 14:18:00 UTC,0.0,0,L
2015-07-09 20:30:00 UTC,7.0,213,H
2015-07-10 03:05:00 UTC,0.6,18,L
2015-07-10 08:51:00 UTC,6.2,189,H
2015-07-10 15:17:00 UTC,0.1,3,L
2015-07-10 21:29:00 UTC,7.1,216,H
2015-07-11 04:06:00 UTC,0.4,12,L
2015-07-11 09:56:00 UTC,6.1,186,H
2015-07-11 16:13:00 UTC,0.1,3,L
2015-07-11 22:31:00 UTC,7.2,219,H
2015-07-12 05:02:00 UTC,0.2,6,L
2015-07-12 11:00:00 UTC,6.1,186,H
2015-07-12 17:06:00 UTC,0.1,3,L
2015-07-12 23:30:00 UTC,7.3,223,H
2015-07-13 05:56:00 UTC,0.0,0,L
2015-07-13 11:59:00 UTC,6.2,189,H
2015-07-13 17:58:00 UTC,0.1,3,L
2015-07-14 00:22:00 UTC,7.4,226,H
2015-07-14 06:47:00 UTC,-0.2,-6,L
2015-07-14 12:52:00 UTC,6.3,192,H
2015-07-14 18:49:00 UTC,0.1,3,L
2015-07-15 01:09:00 UTC,7.4,226,H
2015-07-15 07:35:00 UTC,-0.3,-9,L
2015-07-15 13:40:00 UTC,6.4,195,H
2015-07-15 19:37:00 UTC,0.2,6,L
2015-07-16 01:53:00 UTC,7.4,226,H
2015-07-16 08:21:00 UTC,-0.3,-9,L
2015-07-16 14:26:00 UTC,6.4,195,H
2015-07-16 20:24:00 UTC,0.3,9,L
2015-07-17 02:35:00 UTC,7.3,223,H
2015-07-17 09:05:00 UTC,-0.3,-9,L
2015-07-17 15:11:00 UTC,6.4,195,H
2015-07-17 21:07:00 UTC,0.4,12,L
2015-07-18 03:17:00 UTC,7.0,213,H
2015-07-18 09:45:00 UTC,-0.1,-3,L
2015-07-18 15:57:00 UTC,6.3,192,H
2015-07-18 21:49:00 UTC,0.6,18,L
2015-07-19 03:59:00 UTC,6.8,207,H
2015-07-19 10:24:00 UTC,0.1,3,L
2015-07-19 16:43:00 UTC,6.2,189,H
2015-07-19 22:30:00 UTC,0.9,27,L
2015-07-20 04:42:00 UTC,6.5,198,H
2015-07-20 11:02:00 UTC,0.4,12,L
2015-07-20 17:29:00 UTC,6.1,186,H
2015-07-20 23:11:00 UTC,1.2,37,L
2015-07-21 05:25:00 UTC,6.1,186,H
2015-07-21 11:40:00 UTC,0.7,21,L
2015-07-21 18:12:00 UTC,6.0,183,H
2015-07-21 23:55:00 UTC,1.5,46,L
2015-07-22 06:07:00 UTC,5.8,177,H
2015-07-22 12:19:00 UTC,1.0,30,L
2015-07-22 18:53:00 UTC,6.0,183,H
2015-07-23 00:47:00 UTC,1.7,52,L
2015-07-23 06:48:00 UTC,5.6,171,H
2015-07-23 13:04:00 UTC,1.3,40,L
2015-07-23 19:33:00 UTC,6.0,183,H
2015-07-24 01:50:00 UTC,1.9,58,L
2015-07-24 07:31:00 UTC,5.3,162,H
2015-07-24 13:58:00 UTC,1.4,43,L
2015-07-24 20:14:00 UTC,6.0,183,H
2015-07-25 02:51:00 UTC,1.8,55,L
2015-07-25 08:18:00 UTC,5.2,158,H
2015-07-25 14:55:00 UTC,1.4,43,L
2015-07-25 21:00:00 UTC,6.1,186,H
2015-07-26 03:47:00 UTC,1.5,46,L
2015-07-26 09:14:00 UTC,5.2,158,H
2015-07-26 15:48:00 UTC,1.3,40,L
2015-07-26 21:52:00 UTC,6.3,192,H
2015-07-27 04:39:00 UTC,1.2,37,L
2015-07-27 10:17:00 UTC,5.3,162,H
2015-07-27 16:39:00 UTC,1.0,30,L
2015-07-27 22:47:00 UTC,6.7,204,H
2015-07-28 05:29:00 UTC,0.7,21,L
2015-07-28 11:18:00 UTC,5.5,168,H
2015-07-28 17:30:00 UTC,0.7,21,L
2015-07-28 23:40:00 UTC,7.1,216,H
2015-07-29 06:18:00 UTC,0.3,9,L
2015-07-29 12:11:00 UTC,5.9,180,H
2015-07-29 18:21:00 UTC,0.4,12,L
2015-07-30 00:29:00 UTC,7.5,229,H
2015-07-30 07:07:00 UTC,-0.2,-6,L
2015-07-30 12:59:00 UTC,6.3,192,H
2015-07-30 19:12:00 UTC,0.0,0,L
2015-07-31 01:15:00 UTC,7.8,238,H
2015-07-31 07:55:00 UTC,-0.6,-18,L
2015-07-31 13:46:00 UTC,6.7,204,H
2015-07-31 20:04:00 UTC,-0.3,-9,L
2015-08-01 02:02:00 UTC,8.0,244,H
2015-08-01 08:42:00 UTC,-0.9,-27,L
2015-08-01 14:35:00 UTC,7.0,213,H
2015-08-01 20:54:00 UTC,-0.4,-12,L
2015-08-02 02:51:00 UTC,8.0,244,H
2015-08-02 09:28:00 UTC,-1.1,-34,L
2015-08-02 15:26:00 UTC,7.2,219,H
2015-08-02 21:45:00 UTC,-0.5,-15,L
2015-08-03 03:44:00 UTC,7.8,238,H
2015-08-03 10:14:00 UTC,-1.0,-30,L
2015-08-03 16:22:00 UTC,7.3,223,H
2015-08-03 22:37:00 UTC,-0.3,-9,L
2015-08-04 04:41:00 UTC,7.5,229,H
2015-08-04 11:02:00 UTC,-0.8,-24,L
2015-08-04 17:20:00 UTC,7.3,223,H
2015-08-04 23:32:00 UTC,0.0,0,L
2015-08-05 05:39:00 UTC,7.2,219,H
2015-08-05 11:54:00 UTC,-0.5,-15,L
2015-08-05 18:17:00 UTC,7.3,223,H
2015-08-06 00:33:00 UTC,0.3,9,L
2015-08-06 06:38:00 UTC,6.8,207,H
2015-08-06 12:51:00 UTC,-0.1,-3,L
2015-08-06 19:13:00 UTC,7.2,219,H
2015-08-07 01:40:00 UTC,0.6,18,L
2015-08-07 07:36:00 UTC,6.4,195,H
2015-08-07 13:53:00 UTC,0.2,6,L
2015-08-07 20:10:00 UTC,7.1,216,H
2015-08-08 02:46:00 UTC,0.7,21,L
2015-08-08 08:37:00 UTC,6.1,186,H
2015-08-08 14:56:00 UTC,0.4,12,L
2015-08-08 21:10:00 UTC,7.0,213,H
2015-08-09 03:48:00 UTC,0.6,18,L
2015-08-09 09:41:00 UTC,6.0,183,H
2015-08-09 15:54:00 UTC,0.5,15,L
2015-08-09 22:13:00 UTC,6.9,210,H
2015-08-10 04:44:00 UTC,0.4,12,L
2015-08-10 10:45:00 UTC,6.0,183,H
2015-08-10 16:48:00 UTC,0.5,15,L
2015-08-10 23:13:00 UTC,7.0,213,H
2015-08-11 05:36:00 UTC,0.3,9,L
2015-08-11 11:43:00 UTC,6.1,186,H
2015-08-11 17:40:00 UTC,0.5,15,L
2015-08-12 00:05:00 UTC,7.1,216,H
2015-08-12 06:25:00 UTC,0.1,3,L
2015-08-12 12:34:00 UTC,6.3,192,H
2015-08-12 18:29:00 UTC,0.4,12,L
2015-08-13 00:51:00 UTC,7.2,219,H
2015-08-13 07:12:00 UTC,0.0,0,L
2015-08-13 13:20:00 UTC,6.5,198,H
2015-08-13 19:16:00 UTC,0.4,12,L
2015-08-14 01:33:00 UTC,7.2,219,H
2015-08-14 07:55:00 UTC,0.0,0,L
2015-08-14 14:02:00 UTC,6.6,201,H
2015-08-14 20:01:00 UTC,0.4,12,L
2015-08-15 02:12:00 UTC,7.1,216,H
2015-08-15 08:36:00 UTC,0.0,0,L
2015-08-15 14:43:00 UTC,6.6,201,H
2015-08-15 20:43:00 UTC,0.5,15,L
2015-08-16 02:50:00 UTC,6.9,210,H
2015-08-16 09:15:00 UTC,0.0,0,L
2015-08-16 15:24:00 UTC,6.6,201,H
2015-08-16 21:24:00 UTC,0.6,18,L
2015-08-17 03:28:00 UTC,6.7,204,H
2015-08-17 09:51:00 UTC,0.2,6,L
2015-08-17 16:05:00 UTC,6.5,198,H
2015-08-17 22:02:00 UTC,0.8,24,L
2015-08-18 04:06:00 UTC,6.4,195,H
2015-08-18 10:25:00 UTC,0.5,15,L
2015-08-18 16:46:00 UTC,6.3,192,H
2015-08-18 22:40:00 UTC,1.0,30,L
2015-08-19 04:45:00 UTC,6.1,186,H
2015-08-19 10:57:00 UTC,0.8,24,L
2015-08-19 17:25:00 UTC,6.2,189,H
2015-08-19 23:18:00 UTC,1.3,40,L
2015-08-20 05:24:00 UTC,5.8,177,H
2015-08-20 11:26:00 UTC,1.1,34,L
2015-08-20 18:03:00 UTC,6.1,186,H
2015-08-21 00:01:00 UTC,1.6,49,L
2015-08-21 06:04:00 UTC,5.6,171,H
2015-08-21 11:54:00 UTC,1.4,43,L
2015-08-21 18:40:00 UTC,6.1,186,H
2015-08-22 00:59:00 UTC,1.8,55,L
2015-08-22 06:47:00 UTC,5.4,165,H
2015-08-22 12:37:00 UTC,1.6,49,L
2015-08-22 19:20:00 UTC,6.1,186,H
2015-08-23 02:08:00 UTC,1.8,55,L
2015-08-23 07:35:00 UTC,5.3,162,H
2015-08-23 13:59:00 UTC,1.7,52,L
2015-08-23 20:07:00 UTC,6.2,189,H
2015-08-24 03:11:00 UTC,1.6,49,L
2015-08-24 08:32:00 UTC,5.3,162,H
2015-08-24 15:11:00 UTC,1.5,46,L
2015-08-24 21:04:00 UTC,6.4,195,H
2015-08-25 04:07:00 UTC,1.2,37,L
2015-08-25 09:37:00 UTC,5.4,165,H
2015-08-25 16:10:00 UTC,1.2,37,L
2015-08-25 22:08:00 UTC,6.7,204,H
2015-08-26 04:59:00 UTC,0.7,21,L
2015-08-26 10:45:00 UTC,5.8,177,H
2015-08-26 17:05:00 UTC,0.7,21,L
2015-08-26 23:09:00 UTC,7.1,216,H
2015-08-27 05:49:00 UTC,0.2,6,L
2015-08-27 11:44:00 UTC,6.3,192,H
2015-08-27 17:59:00 UTC,0.3,9,L
2015-08-28 00:04:00 UTC,7.5,229,H
2015-08-28 06:39:00 UTC,-0.3,-9,L
2015-08-28 12:36:00 UTC,6.8,207,H
2015-08-28 18:52:00 UTC,-0.2,-6,L
2015-08-29 00:55:00 UTC,7.9,241,H
2015-08-29 07:28:00 UTC,-0.7,-21,L
2015-08-29 13:24:00 UTC,7.3,223,H
2015-08-29 19:45:00 UTC,-0.5,-15,L
2015-08-30 01:44:00 UTC,8.1,247,H
2015-08-30 08:16:00 UTC,-1.0,-30,L
2015-08-30 14:13:00 UTC,7.6,232,H
2015-08-30 20:37:00 UTC,-0.8,-24,L
2015-08-31 02:33:00 UTC,8.1,247,H
2015-08-31 09:03:00 UTC,-1.2,-37,L
2015-08-31 15:03:00 UTC,7.8,238,H
2015-08-31 21:28:00 UTC,-0.8,-24,L
2015-09-01 03:26:00 UTC,7.9,241,H
2015-09-01 09:50:00 UTC,-1.1,-34,L
2015-09-01 15:57:00 UTC,7.8,238,H
2015-09-01 22:20:00 UTC,-0.6,-18,L
2015-09-02 04:23:00 UTC,7.5,229,H
2015-09-02 10:38:00 UTC,-0.8,-24,L
2015-09-02 16:55:00 UTC,7.7,235,H
2015-09-02 23:14:00 UTC,-0.2,-6,L
2015-09-03 05:22:00 UTC,7.1,216,H
2015-09-03 11:29:00 UTC,-0.4,-12,L
2015-09-03 17:53:00 UTC,7.5,229,H
2015-09-04 00:13:00 UTC,0.2,6,L
2015-09-04 06:22:00 UTC,6.7,204,H
2015-09-04 12:25:00 UTC,0.2,6,L
2015-09-04 18:51:00 UTC,7.3,223,H
2015-09-05 01:18:00 UTC,0.6,18,L
2015-09-05 07:21:00 UTC,6.4,195,H
2015-09-05 13:28:00 UTC,0.6,18,L
2015-09-05 19:49:00 UTC,7.0,213,H
2015-09-06 02:25:00 UTC,0.8,24,L
2015-09-06 08:22:00 UTC,6.1,186,H
2015-09-06 14:33:00 UTC,0.9,27,L
2015-09-06 20:49:00 UTC,6.8,207,H
2015-09-07 03:27:00 UTC,0.8,24,L
2015-09-07 09:24:00 UTC,5.9,180,H
2015-09-07 15:34:00 UTC,1.0,30,L
2015-09-07 21:51:00 UTC,6.7,204,H
2015-09-08 04:23:00 UTC,0.7,21,L
2015-09-08 10:26:00 UTC,6.0,183,H
2015-09-08 16:29:00 UTC,0.9,27,L
2015-09-08 22:51:00 UTC,6.7,204,H
2015-09-09 05:13:00 UTC,0.5,15,L
2015-09-09 11:23:00 UTC,6.2,189,H
2015-09-09 17:20:00 UTC,0.8,24,L
2015-09-09 23:44:00 UTC,6.8,207,H
2015-09-10 06:00:00 UTC,0.4,12,L
2015-09-10 12:13:00 UTC,6.4,195,H
2015-09-10 18:08:00 UTC,0.7,21,L
2015-09-11 00:29:00 UTC,6.9,210,H
2015-09-11 06:44:00 UTC,0.3,9,L
2015-09-11 12:56:00 UTC,6.6,201,H
2015-09-11 18:53:00 UTC,0.6,18,L
2015-09-12 01:10:00 UTC,6.9,210,H
2015-09-12 07:25:00 UTC,0.2,6,L
2015-09-12 13:36:00 UTC,6.8,207,H
2015-09-12 19:37:00 UTC,0.5,15,L
2015-09-13 01:47:00 UTC,6.9,210,H
2015-09-13 08:05:00 UTC,0.2,6,L
2015-09-13 14:14:00 UTC,6.9,210,H
2015-09-13 20:18:00 UTC,0.5,15,L
2015-09-14 02:23:00 UTC,6.8,207,H
2015-09-14 08:42:00 UTC,0.2,6,L
2015-09-14 14:50:00 UTC,6.8,207,H
2015-09-14 20:58:00 UTC,0.5,15,L
2015-09-15 02:57:00 UTC,6.6,201,H
2015-09-15 09:17:00 UTC,0.4,12,L
2015-09-15 15:25:00 UTC,6.7,204,H
2015-09-15 21:36:00 UTC,0.6,18,L
2015-09-16 03:32:00 UTC,6.3,192,H
2015-09-16 09:50:00 UTC,0.6,18,L
2015-09-16 15:59:00 UTC,6.6,201,H
2015-09-16 22:13:00 UTC,0.8,24,L
2015-09-17 04:06:00 UTC,6.0,183,H
2015-09-17 10:19:00 UTC,0.9,27,L
2015-09-17 16:32:00 UTC,6.5,198,H
2015-09-17 22:49:00 UTC,1.1,34,L
2015-09-18 04:42:00 UTC,5.8,177,H
2015-09-18 10:44:00 UTC,1.1,34,L
2015-09-18 17:06:00 UTC,6.3,192,H
2015-09-18 23:27:00 UTC,1.3,40,L
2015-09-19 05:23:00 UTC,5.5,168,H
2015-09-19 11:10:00 UTC,1.4,43,L
2015-09-19 17:46:00 UTC,6.3,192,H
2015-09-20 00:15:00 UTC,1.6,49,L
2015-09-20 06:11:00 UTC,5.4,165,H
2015-09-20 11:50:00 UTC,1.6,49,L
2015-09-20 18:33:00 UTC,6.3,192,H
2015-09-21 01:26:00 UTC,1.6,49,L
2015-09-21 07:04:00 UTC,5.3,162,H
2015-09-21 13:00:00 UTC,1.7,52,L
2015-09-21 19:27:00 UTC,6.3,192,H
2015-09-22 02:36:00 UTC,1.5,46,L
2015-09-22 08:04:00 UTC,5.4,165,H
2015-09-22 14:40:00 UTC,1.6,49,L
2015-09-22 20:28:00 UTC,6.5,198,H
2015-09-23 03:37:00 UTC,1.1,34,L
2015-09-23 09:10:00 UTC,5.7,174,H
2015-09-23 15:47:00 UTC,1.2,37,L
2015-09-23 21:35:00 UTC,6.7,204,H
2015-09-24 04:30:00 UTC,0.6,18,L
2015-09-24 10:18:00 UTC,6.1,186,H
2015-09-24 16:45:00 UTC,0.7,21,L
2015-09-24 22:42:00 UTC,7.1,216,H
2015-09-25 05:21:00 UTC,0.1,3,L
2015-09-25 11:19:00 UTC,6.6,201,H
2015-09-25 17:40:00 UTC,0.1,3,L
2015-09-25 23:41:00 UTC,7.5,229,H
2015-09-26 06:11:00 UTC,-0.5,-15,L
2015-09-26 12:13:00 UTC,7.2,219,H
2015-09-26 18:34:00 UTC,-0.4,-12,L
2015-09-27 00:35:00 UTC,7.8,238,H
2015-09-27 07:01:00 UTC,-0.9,-27,L
2015-09-27 13:03:00 UTC,7.8,238,H
2015-09-27 19:27:00 UTC,-0.7,-21,L
2015-09-28 01:25:00 UTC,8.0,244,H
2015-09-28 07:50:00 UTC,-1.1,-34,L
2015-09-28 13:51:00 UTC,8.1,247,H
2015-09-28 20:20:00 UTC,-1.0,-30,L
2015-09-29 02:15:00 UTC,7.9,241,H
2015-09-29 08:38:00 UTC,-1.2,-37,L
2015-09-29 14:41:00 UTC,8.2,250,H
2015-09-29 21:11:00 UTC,-1.0,-30,L
2015-09-30 03:07:00 UTC,7.7,235,H
2015-09-30 09:26:00 UTC,-1.1,-34,L
2015-09-30 15:33:00 UTC,8.1,247,H
2015-09-30 22:03:00 UTC,-0.8,-24,L
2015-10-01 04:04:00 UTC,7.3,223,H
2015-10-01 10:14:00 UTC,-0.7,-21,L
2015-10-01 16:29:00 UTC,7.9,241,H
2015-10-01 22:55:00 UTC,-0.4,-12,L
2015-10-02 05:04:00 UTC,6.9,210,H
2015-10-02 11:04:00 UTC,-0.2,-6,L
2015-10-02 17:28:00 UTC,7.5,229,H
2015-10-02 23:52:00 UTC,0.1,3,L
2015-10-03 06:04:00 UTC,6.5,198,H
2015-10-03 11:59:00 UTC,0.4,12,L
2015-10-03 18:27:00 UTC,7.1,216,H
2015-10-04 00:53:00 UTC,0.5,15,L
2015-10-04 07:04:00 UTC,6.2,189,H
2015-10-04 13:02:00 UTC,0.9,27,L
2015-10-04 19:25:00 UTC,6.8,207,H
2015-10-05 01:59:00 UTC,0.8,24,L
2015-10-05 08:03:00 UTC,6.0,183,H
2015-10-05 14:08:00 UTC,1.2,37,L
2015-10-05 20:23:00 UTC,6.5,198,H
2015-10-06 03:01:00 UTC,0.8,24,L
2015-10-06 09:02:00 UTC,5.9,180,H
2015-10-06 15:11:00 UTC,1.3,40,L
2015-10-06 21:23:00 UTC,6.3,192,H
2015-10-07 03:56:00 UTC,0.8,24,L
2015-10-07 10:01:00 UTC,6.0,183,H
2015-10-07 16:06:00 UTC,1.2,37,L
2015-10-07 22:22:00 UTC,6.3,192,H
2015-10-08 04:45:00 UTC,0.6,18,L
2015-10-08 10:57:00 UTC,6.2,189,H
2015-10-08 16:57:00 UTC,1.0,30,L
2015-10-08 23:15:00 UTC,6.3,192,H
2015-10-09 05:29:00 UTC,0.5,15,L
2015-10-09 11:46:00 UTC,6.4,195,H
2015-10-09 17:43:00 UTC,0.8,24,L
2015-10-10 00:01:00 UTC,6.5,198,H
2015-10-10 06:11:00 UTC,0.4,12,L
2015-10-10 12:29:00 UTC,6.7,204,H
2015-10-10 18:28:00 UTC,0.6,18,L
2015-10-11 00:42:00 UTC,6.5,198,H
2015-10-11 06:52:00 UTC,0.3,9,L
2015-10-11 13:08:00 UTC,6.9,210,H
2015-10-11 19:11:00 UTC,0.5,15,L
2015-10-12 01:20:00 UTC,6.6,201,H
2015-10-12 07:30:00 UTC,0.3,9,L
2015-10-12 13:44:00 UTC,7.0,213,H
2015-10-12 19:53:00 UTC,0.4,12,L
2015-10-13 01:55:00 UTC,6.5,198,H
2015-10-13 08:08:00 UTC,0.3,9,L
2015-10-13 14:17:00 UTC,7.0,213,H
2015-10-13 20:33:00 UTC,0.3,9,L
2015-10-14 02:29:00 UTC,6.3,192,H
2015-10-14 08:44:00 UTC,0.4,12,L
2015-10-14 14:48:00 UTC,6.9,210,H
2015-10-14 21:12:00 UTC,0.4,12,L
2015-10-15 03:01:00 UTC,6.1,186,H
2015-10-15 09:17:00 UTC,0.6,18,L
2015-10-15 15:17:00 UTC,6.8,207,H
2015-10-15 21:49:00 UTC,0.5,15,L
2015-10-16 03:34:00 UTC,5.9,180,H
2015-10-16 09:48:00 UTC,0.8,24,L
2015-10-16 15:46:00 UTC,6.7,204,H
2015-10-16 22:26:00 UTC,0.7,21,L
2015-10-17 04:09:00 UTC,5.6,171,H
2015-10-17 10:16:00 UTC,1.0,30,L
2015-10-17 16:21:00 UTC,6.5,198,H
2015-10-17 23:05:00 UTC,0.9,27,L
2015-10-18 04:53:00 UTC,5.5,168,H
2015-10-18 10:46:00 UTC,1.2,37,L
2015-10-18 17:06:00 UTC,6.4,195,H
2015-10-18 23:50:00 UTC,1.1,34,L
2015-10-19 05:46:00 UTC,5.4,165,H
2015-10-19 11:28:00 UTC,1.4,43,L
2015-10-19 18:01:00 UTC,6.4,195,H
2015-10-20 00:53:00 UTC,1.2,37,L
2015-10-20 06:44:00 UTC,5.4,165,H
2015-10-20 12:38:00 UTC,1.6,49,L
2015-10-20 19:00:00 UTC,6.4,195,H
2015-10-21 02:04:00 UTC,1.1,34,L
2015-10-21 07:45:00 UTC,5.6,171,H
2015-10-21 14:16:00 UTC,1.5,46,L
2015-10-21 20:03:00 UTC,6.4,195,H
2015-10-22 03:07:00 UTC,0.8,24,L
2015-10-22 08:49:00 UTC,5.9,180,H
2015-10-22 15:27:00 UTC,1.1,34,L
2015-10-22 21:10:00 UTC,6.6,201,H
2015-10-23 04:03:00 UTC,0.3,9,L
2015-10-23 09:54:00 UTC,6.3,192,H
2015-10-23 16:26:00 UTC,0.5,15,L
2015-10-23 22:17:00 UTC,6.8,207,H
2015-10-24 04:55:00 UTC,-0.2,-6,L
2015-10-24 10:57:00 UTC,6.9,210,H
2015-10-24 17:22:00 UTC,0.0,0,L
2015-10-24 23:19:00 UTC,7.1,216,H
2015-10-25 05:45:00 UTC,-0.7,-21,L
2015-10-25 11:52:00 UTC,7.5,229,H
2015-10-25 18:17:00 UTC,-0.5,-15,L
2015-10-26 00:15:00 UTC,7.4,226,H
2015-10-26 06:35:00 UTC,-1.0,-30,L
2015-10-26 12:43:00 UTC,7.9,241,H
2015-10-26 19:10:00 UTC,-0.9,-27,L
2015-10-27 01:07:00 UTC,7.5,229,H
2015-10-27 07:25:00 UTC,-1.2,-37,L
2015-10-27 13:32:00 UTC,8.2,250,H
2015-10-27 20:03:00 UTC,-1.1,-34,L
2015-10-28 01:58:00 UTC,7.5,229,H
2015-10-28 08:14:00 UTC,-1.2,-37,L
2015-10-28 14:20:00 UTC,8.3,253,H
2015-10-28 20:54:00 UTC,-1.2,-37,L
2015-10-29 02:50:00 UTC,7.3,223,H
2015-10-29 09:03:00 UTC,-1.0,-30,L
2015-10-29 15:10:00 UTC,8.1,247,H
2015-10-29 21:45:00 UTC,-1.0,-30,L
2015-10-30 03:45:00 UTC,6.9,210,H
2015-10-30 09:51:00 UTC,-0.6,-18,L
2015-10-30 16:04:00 UTC,7.7,235,H
2015-10-30 22:36:00 UTC,-0.6,-18,L
2015-10-31 04:44:00 UTC,6.6,201,H
2015-10-31 10:41:00 UTC,-0.1,-3,L
2015-10-31 17:02:00 UTC,7.3,223,H
2015-10-31 23:28:00 UTC,-0.2,-6,L
2015-11-01 05:44:00 UTC,6.3,192,H
2015-11-01 11:33:00 UTC,0.5,15,L
2015-11-01 18:00:00 UTC,6.9,210,H
2015-11-02 00:25:00 UTC,0.3,9,L
2015-11-02 06:42:00 UTC,6.0,183,H
2015-11-02 12:32:00 UTC,1.0,30,L
2015-11-02 18:56:00 UTC,6.5,198,H
2015-11-03 01:26:00 UTC,0.6,18,L
2015-11-03 07:38:00 UTC,5.8,177,H
2015-11-03 13:36:00 UTC,1.3,40,L
2015-11-03 19:52:00 UTC,6.1,186,H
2015-11-04 02:27:00 UTC,0.8,24,L
2015-11-04 08:33:00 UTC,5.8,177,H
2015-11-04 14:40:00 UTC,1.4,43,L
2015-11-04 20:47:00 UTC,5.9,180,H
2015-11-05 03:22:00 UTC,0.8,24,L
2015-11-05 09:29:00 UTC,5.8,177,H
2015-11-05 15:37:00 UTC,1.3,40,L
2015-11-05 21:43:00 UTC,5.8,177,H
2015-11-06 04:10:00 UTC,0.7,21,L
2015-11-06 10:23:00 UTC,6.0,183,H
2015-11-06 16:28:00 UTC,1.1,34,L
2015-11-06 22:38:00 UTC,5.8,177,H
2015-11-07 04:54:00 UTC,0.5,15,L
2015-11-07 11:13:00 UTC,6.2,189,H
2015-11-07 17:15:00 UTC,0.9,27,L
2015-11-07 23:27:00 UTC,5.9,180,H
2015-11-08 05:36:00 UTC,0.4,12,L
2015-11-08 11:57:00 UTC,6.5,198,H
2015-11-08 18:00:00 UTC,0.6,18,L
2015-11-09 00:12:00 UTC,6.0,183,H
2015-11-09 06:16:00 UTC,0.3,9,L
2015-11-09 12:37:00 UTC,6.7,204,H
2015-11-09 18:44:00 UTC,0.4,12,L
2015-11-10 00:52:00 UTC,6.0,183,H
2015-11-10 06:56:00 UTC,0.2,6,L
2015-11-10 13:13:00 UTC,6.9,210,H
2015-11-10 19:26:00 UTC,0.2,6,L
2015-11-11 01:28:00 UTC,6.0,183,H
2015-11-11 07:35:00 UTC,0.2,6,L
2015-11-11 13:46:00 UTC,6.9,210,H
2015-11-11 20:08:00 UTC,0.1,3,L
2015-11-12 02:03:00 UTC,5.9,180,H
2015-11-12 08:13:00 UTC,0.2,6,L
2015-11-12 14:16:00 UTC,6.9,210,H
2015-11-12 20:49:00 UTC,0.0,0,L
2015-11-13 02:36:00 UTC,5.8,177,H
2015-11-13 08:49:00 UTC,0.3,9,L
2015-11-13 14:46:00 UTC,6.9,210,H
2015-11-13 21:28:00 UTC,0.0,0,L
2015-11-14 03:10:00 UTC,5.7,174,H
2015-11-14 09:24:00 UTC,0.4,12,L
2015-11-14 15:17:00 UTC,6.8,207,H
2015-11-14 22:07:00 UTC,0.1,3,L
2015-11-15 03:48:00 UTC,5.5,168,H
2015-11-15 09:59:00 UTC,0.6,18,L
2015-11-15 15:56:00 UTC,6.7,204,H
2015-11-15 22:48:00 UTC,0.3,9,L
2015-11-16 04:35:00 UTC,5.4,165,H
2015-11-16 10:36:00 UTC,0.7,21,L
2015-11-16 16:45:00 UTC,6.5,198,H
2015-11-16 23:33:00 UTC,0.4,12,L
2015-11-17 05:31:00 UTC,5.4,165,H
2015-11-17 11:23:00 UTC,0.9,27,L
2015-11-17 17:42:00 UTC,6.4,195,H
2015-11-18 00:28:00 UTC,0.5,15,L
2015-11-18 06:30:00 UTC,5.5,168,H
2015-11-18 12:32:00 UTC,1.1,34,L
2015-11-18 18:42:00 UTC,6.3,192,H
2015-11-19 01:34:00 UTC,0.5,15,L
2015-11-19 07:29:00 UTC,5.7,174,H
2015-11-19 13:56:00 UTC,1.1,34,L
2015-11-19 19:44:00 UTC,6.3,192,H
2015-11-20 02:38:00 UTC,0.2,6,L
2015-11-20 08:30:00 UTC,6.0,183,H
2015-11-20 15:07:00 UTC,0.7,21,L
2015-11-20 20:48:00 UTC,6.3,192,H
2015-11-21 03:36:00 UTC,-0.1,-3,L
2015-11-21 09:33:00 UTC,6.4,195,H
2015-11-21 16:09:00 UTC,0.3,9,L
2015-11-21 21:55:00 UTC,6.4,195,H
2015-11-22 04:29:00 UTC,-0.5,-15,L
2015-11-22 10:35:00 UTC,6.8,207,H
2015-11-22 17:06:00 UTC,-0.2,-6,L
2015-11-22 22:59:00 UTC,6.5,198,H
2015-11-23 05:21:00 UTC,-0.8,-24,L
2015-11-23 11:33:00 UTC,7.3,223,H
2015-11-23 18:01:00 UTC,-0.7,-21,L
2015-11-23 23:58:00 UTC,6.7,204,H
2015-11-24 06:12:00 UTC,-1.1,-34,L
2015-11-24 12:26:00 UTC,7.7,235,H
2015-11-24 18:54:00 UTC,-1.0,-30,L
2015-11-25 00:52:00 UTC,6.8,207,H
2015-11-25 07:03:00 UTC,-1.2,-37,L
2015-11-25 13:15:00 UTC,7.9,241,H
2015-11-25 19:47:00 UTC,-1.2,-37,L
2015-11-26 01:43:00 UTC,6.8,207,H
2015-11-26 07:53:00 UTC,-1.1,-34,L
2015-11-26 14:03:00 UTC,7.9,241,H
2015-11-26 20:37:00 UTC,-1.3,-40,L
2015-11-27 02:34:00 UTC,6.7,204,H
2015-11-27 08:42:00 UTC,-1.0,-30,L
2015-11-27 14:52:00 UTC,7.7,235,H
2015-11-27 21:26:00 UTC,-1.1,-34,L
2015-11-28 03:27:00 UTC,6.5,198,H
2015-11-28 09:30:00 UTC,-0.7,-21,L
2015-11-28 15:43:00 UTC,7.4,226,H
2015-11-28 22:15:00 UTC,-0.8,-24,L
2015-11-29 04:23:00 UTC,6.2,189,H
2015-11-29 10:18:00 UTC,-0.2,-6,L
2015-11-29 16:36:00 UTC,7.0,213,H
2015-11-29 23:03:00 UTC,-0.5,-15,L
2015-11-30 05:19:00 UTC,6.0,183,H
2015-11-30 11:07:00 UTC,0.3,9,L
2015-11-30 17:30:00 UTC,6.5,198,H
2015-11-30 23:54:00 UTC,0.0,0,L
2015-12-01 06:14:00 UTC,5.8,177,H
2015-12-01 11:59:00 UTC,0.8,24,L
2015-12-01 18:23:00 UTC,6.1,186,H
2015-12-02 00:48:00 UTC,0.4,12,L
2015-12-02 07:07:00 UTC,5.6,171,H
2015-12-02 12:58:00 UTC,1.2,37,L
2015-12-02 19:14:00 UTC,5.8,177,H
2015-12-03 01:44:00 UTC,0.6,18,L
2015-12-03 07:58:00 UTC,5.5,168,H
2015-12-03 14:01:00 UTC,1.4,43,L
2015-12-03 20:05:00 UTC,5.5,168,H
2015-12-04 02:39:00 UTC,0.7,21,L
2015-12-04 08:49:00 UTC,5.5,168,H
2015-12-04 15:01:00 UTC,1.3,40,L
2015-12-04 20:58:00 UTC,5.3,162,H
2015-12-05 03:29:00 UTC,0.7,21,L
2015-12-05 09:42:00 UTC,5.6,171,H
2015-12-05 15:55:00 UTC,1.1,34,L
2015-12-05 21:52:00 UTC,5.2,158,H
2015-12-06 04:15:00 UTC,0.6,18,L
2015-12-06 10:33:00 UTC,5.8,177,H
2015-12-06 16:44:00 UTC,0.9,27,L
2015-12-06 22:47:00 UTC,5.2,158,H
2015-12-07 04:58:00 UTC,0.5,15,L
2015-12-07 11:21:00 UTC,6.0,183,H
2015-12-07 17:30:00 UTC,0.6,18,L
2015-12-07 23:37:00 UTC,5.3,162,H
2015-12-08 05:40:00 UTC,0.3,9,L
2015-12-08 12:04:00 UTC,6.3,192,H
2015-12-08 18:15:00 UTC,0.3,9,L
2015-12-09 00:21:00 UTC,5.4,165,H
2015-12-09 06:22:00 UTC,0.2,6,L
2015-12-09 12:42:00 UTC,6.5,198,H
2015-12-09 18:59:00 UTC,0.0,0,L
2015-12-10 01:01:00 UTC,5.5,168,H
2015-12-10 07:03:00 UTC,0.1,3,L
2015-12-10 13:17:00 UTC,6.7,204,H
2015-12-10 19:43:00 UTC,-0.2,-6,L
2015-12-11 01:38:00 UTC,5.6,171,H
2015-12-11 07:45:00 UTC,0.0,0,L
2015-12-11 13:50:00 UTC,6.8,207,H
2015-12-11 20:26:00 UTC,-0.4,-12,L
2015-12-12 02:14:00 UTC,5.6,171,H
2015-12-12 08:26:00 UTC,-0.1,-3,L
2015-12-12 14:23:00 UTC,6.9,210,H
2015-12-12 21:07:00 UTC,-0.5,-15,L
2015-12-13 02:51:00 UTC,5.6,171,H
2015-12-13 09:06:00 UTC,-0.1,-3,L
2015-12-13 15:00:00 UTC,6.9,210,H
2015-12-13 21:48:00 UTC,-0.5,-15,L
2015-12-14 03:32:00 UTC,5.6,171,H
2015-12-14 09:47:00 UTC,-0.1,-3,L
2015-12-14 15:42:00 UTC,6.8,207,H
2015-12-14 22:30:00 UTC,-0.5,-15,L
2015-12-15 04:21:00 UTC,5.6,171,H
2015-12-15 10:30:00 UTC,0.1,3,L
2015-12-15 16:33:00 UTC,6.6,201,H
2015-12-15 23:15:00 UTC,-0.4,-12,L
2015-12-16 05:17:00 UTC,5.6,171,H
2015-12-16 11:20:00 UTC,0.3,9,L
2015-12-16 17:29:00 UTC,6.5,198,H
2015-12-17 00:06:00 UTC,-0.3,-9,L
2015-12-17 06:14:00 UTC,5.7,174,H
2015-12-17 12:23:00 UTC,0.5,15,L
2015-12-17 18:28:00 UTC,6.3,192,H
2015-12-18 01:05:00 UTC,-0.2,-6,L
2015-12-18 07:11:00 UTC,5.9,180,H
2015-12-18 13:37:00 UTC,0.5,15,L
2015-12-18 19:27:00 UTC,6.1,186,H
2015-12-19 02:09:00 UTC,-0.2,-6,L
2015-12-19 08:10:00 UTC,6.1,186,H
2015-12-19 14:48:00 UTC,0.4,12,L
2015-12-19 20:29:00 UTC,6.0,183,H
2015-12-20 03:09:00 UTC,-0.4,-12,L
2015-12-20 09:12:00 UTC,6.3,192,H
2015-12-20 15:52:00 UTC,0.0,0,L
2015-12-20 21:36:00 UTC,5.9,180,H
2015-12-21 04:06:00 UTC,-0.6,-18,L
2015-12-21 10:15:00 UTC,6.6,201,H
2015-12-21 16:50:00 UTC,-0.3,-9,L
2015-12-21 22:42:00 UTC,5.9,180,H
2015-12-22 05:00:00 UTC,-0.8,-24,L
2015-12-22 11:16:00 UTC,7.0,213,H
2015-12-22 17:45:00 UTC,-0.7,-21,L
2015-12-22 23:44:00 UTC,6.1,186,H
2015-12-23 05:52:00 UTC,-1.0,-30,L
2015-12-23 12:12:00 UTC,7.2,219,H
2015-12-23 18:39:00 UTC,-1.0,-30,L
2015-12-24 00:39:00 UTC,6.2,189,H
2015-12-24 06:44:00 UTC,-1.0,-30,L
2015-12-24 13:02:00 UTC,7.4,226,H
2015-12-24 19:30:00 UTC,-1.2,-37,L
2015-12-25 01:31:00 UTC,6.3,192,H
2015-12-25 07:35:00 UTC,-1.0,-30,L
2015-12-25 13:49:00 UTC,7.4,226,H
2015-12-25 20:20:00 UTC,-1.3,-40,L
2015-12-26 02:20:00 UTC,6.3,192,H
2015-12-26 08:24:00 UTC,-0.9,-27,L
2015-12-26 14:36:00 UTC,7.3,223,H
2015-12-26 21:07:00 UTC,-1.2,-37,L
2015-12-27 03:09:00 UTC,6.2,189,H
2015-12-27 09:10:00 UTC,-0.7,-21,L
2015-12-27 15:22:00 UTC,7.0,213,H
2015-12-27 21:52:00 UTC,-1.0,-30,L
2015-12-28 03:59:00 UTC,6.0,183,H
2015-12-28 09:55:00 UTC,-0.4,-12,L
2015-12-28 16:10:00 UTC,6.6,201,H
2015-12-28 22:36:00 UTC,-0.7,-21,L
2015-12-29 04:51:00 UTC,5.8,177,H
2015-12-29 10:40:00 UTC,0.0,0,L
2015-12-29 16:59:00 UTC,6.3,192,H
2015-12-29 23:20:00 UTC,-0.3,-9,L
2015-12-30 05:41:00 UTC,5.6,171,H
2015-12-30 11:26:00 UTC,0.4,12,L
2015-12-30 17:47:00 UTC,5.9,180,H
2015-12-31 00:05:00 UTC,0.1,3,L
2015-12-31 06:30:00 UTC,5.5,168,H
2015-12-31 12:16:00 UTC,0.9,27,L
2015-12-31 18:34:00 UTC,5.5,168,H
