time,feet,centimeters,tide
2013-12-31 01:05:00 UTC,2.9,88,H
2013-12-31 07:19:00 UTC,-0.8,-24,L
2013-12-31 13:41:00 UTC,3.8,116,H
2013-12-31 20:12:00 UTC,-0.7,-21,L
2014-01-01 02:02:00 UTC,3.1,94,H
2014-01-01 08:16:00 UTC,-1.0,-30,L
2014-01-01 14:35:00 UTC,3.9,119,H
2014-01-01 21:05:00 UTC,-1.0,-30,L
2014-01-02 02:55:00 UTC,3.2,98,H
2014-01-02 09:10:00 UTC,-1.1,-34,L
2014-01-02 15:27:00 UTC,3.9,119,H
2014-01-02 21:55:00 UTC,-1.1,-34,L
2014-01-03 03:49:00 UTC,3.3,101,H
2014-01-03 10:04:00 UTC,-1.1,-34,L
2014-01-03 16:19:00 UTC,3.8,116,H
2014-01-03 22:45:00 UTC,-1.1,-34,L
2014-01-04 04:42:00 UTC,3.3,101,H
2014-01-04 10:59:00 UTC,-1.0,-30,L
2014-01-04 17:10:00 UTC,3.7,113,H
2014-01-04 23:35:00 UTC,-1.0,-30,L
2014-01-05 05:36:00 UTC,3.3,101,H
2014-01-05 11:55:00 UTC,-0.7,-21,L
2014-01-05 18:03:00 UTC,3.4,104,H
2014-01-06 00:26:00 UTC,-0.9,-27,L
2014-01-06 06:31:00 UTC,3.2,98,H
2014-01-06 12:53:00 UTC,-0.5,-15,L
2014-01-06 18:57:00 UTC,3.2,98,H
2014-01-07 01:18:00 UTC,-0.7,-21,L
2014-01-07 07:29:00 UTC,3.1,94,H
2014-01-07 13:54:00 UTC,-0.2,-6,L
2014-01-07 19:54:00 UTC,2.9,88,H
2014-01-08 02:12:00 UTC,-0.5,-15,L
2014-01-08 08:29:00 UTC,3.0,91,H
2014-01-08 14:57:00 UTC,0.0,0,L
2014-01-08 20:53:00 UTC,2.7,82,H
2014-01-09 03:08:00 UTC,-0.3,-9,L
2014-01-09 09:31:00 UTC,3.0,91,H
2014-01-09 16:01:00 UTC,0.2,6,L
2014-01-09 21:53:00 UTC,2.5,76,H
2014-01-10 04:05:00 UTC,-0.2,-6,L
2014-01-10 10:32:00 UTC,3.0,91,H
2014-01-10 17:03:00 UTC,0.2,6,L
2014-01-10 22:52:00 UTC,2.4,73,H
2014-01-11 05:00:00 UTC,-0.1,-3,L
2014-01-11 11:30:00 UTC,3.0,91,H
2014-01-11 17:59:00 UTC,0.2,6,L
2014-01-11 23:47:00 UTC,2.4,73,H
2014-01-12 05:53:00 UTC,-0.2,-6,L
2014-01-12 12:22:00 UTC,3.0,91,H
2014-01-12 18:50:00 UTC,0.1,3,L
2014-01-13 00:37:00 UTC,2.5,76,H
2014-01-13 06:42:00 UTC,-0.2,-6,L
2014-01-13 13:08:00 UTC,3.1,94,H
2014-01-13 19:35:00 UTC,0.0,0,L
2014-01-14 01:22:00 UTC,2.5,76,H
2014-01-14 07:27:00 UTC,-0.3,-9,L
2014-01-14 13:50:00 UTC,3.1,94,H
2014-01-14 20:16:00 UTC,-0.1,-3,L
2014-01-15 02:04:00 UTC,2.6,79,H
2014-01-15 08:10:00 UTC,-0.3,-9,L
2014-01-15 14:29:00 UTC,3.2,98,H
2014-01-15 20:55:00 UTC,-0.2,-6,L
2014-01-16 02:43:00 UTC,2.7,82,H
2014-01-16 08:50:00 UTC,-0.3,-9,L
2014-01-16 15:05:00 UTC,3.2,98,H
2014-01-16 21:31:00 UTC,-0.2,-6,L
2014-01-17 03:21:00 UTC,2.7,82,H
2014-01-17 09:29:00 UTC,-0.3,-9,L
2014-01-17 15:40:00 UTC,3.1,94,H
2014-01-17 22:07:00 UTC,-0.3,-9,L
2014-01-18 03:57:00 UTC,2.7,82,H
2014-01-18 10:07:00 UTC,-0.3,-9,L
2014-01-18 16:13:00 UTC,3.1,94,H
2014-01-18 22:41:00 UTC,-0.2,-6,L
2014-01-19 04:33:00 UTC,2.8,85,H
2014-01-19 10:45:00 UTC,-0.2,-6,L
2014-01-19 16:47:00 UTC,3.0,91,H
2014-01-19 23:15:00 UTC,-0.2,-6,L
2014-01-20 05:09:00 UTC,2.8,85,H
2014-01-20 11:24:00 UTC,-0.1,-3,L
2014-01-20 17:22:00 UTC,2.9,88,H
2014-01-20 23:49:00 UTC,-0.2,-6,L
2014-01-21 05:47:00 UTC,2.8,85,H
2014-01-21 12:05:00 UTC,0.1,3,L
2014-01-21 17:59:00 UTC,2.8,85,H
2014-01-22 00:27:00 UTC,-0.1,-3,L
2014-01-22 06:29:00 UTC,2.8,85,H
2014-01-22 12:51:00 UTC,0.2,6,L
2014-01-22 18:42:00 UTC,2.6,79,H
2014-01-23 01:09:00 UTC,-0.1,-3,L
2014-01-23 07:18:00 UTC,2.8,85,H
2014-01-23 13:44:00 UTC,0.2,6,L
2014-01-23 19:31:00 UTC,2.5,76,H
2014-01-24 01:58:00 UTC,-0.1,-3,L
2014-01-24 08:13:00 UTC,2.9,88,H
2014-01-24 14:45:00 UTC,0.3,9,L
2014-01-24 20:29:00 UTC,2.5,76,H
2014-01-25 02:54:00 UTC,-0.1,-3,L
2014-01-25 09:15:00 UTC,3.0,91,H
2014-01-25 15:51:00 UTC,0.2,6,L
2014-01-25 21:33:00 UTC,2.5,76,H
2014-01-26 03:56:00 UTC,-0.2,-6,L
2014-01-26 10:21:00 UTC,3.1,94,H
2014-01-26 16:57:00 UTC,0.0,0,L
2014-01-26 22:41:00 UTC,2.5,76,H
2014-01-27 05:01:00 UTC,-0.4,-12,L
2014-01-27 11:27:00 UTC,3.3,101,H
2014-01-27 18:00:00 UTC,-0.2,-6,L
2014-01-27 23:46:00 UTC,2.7,82,H
2014-01-28 06:05:00 UTC,-0.6,-18,L
2014-01-28 12:28:00 UTC,3.5,107,H
2014-01-28 18:59:00 UTC,-0.5,-15,L
2014-01-29 00:48:00 UTC,2.9,88,H
2014-01-29 07:05:00 UTC,-0.9,-27,L
2014-01-29 13:26:00 UTC,3.7,113,H
2014-01-29 19:53:00 UTC,-0.8,-24,L
2014-01-30 01:45:00 UTC,3.1,94,H
2014-01-30 08:02:00 UTC,-1.1,-34,L
2014-01-30 14:20:00 UTC,3.8,116,H
2014-01-30 20:44:00 UTC,-1.0,-30,L
2014-01-31 02:39:00 UTC,3.3,101,H
2014-01-31 08:58:00 UTC,-1.2,-37,L
2014-01-31 15:11:00 UTC,3.8,116,H
2014-01-31 21:34:00 UTC,-1.2,-37,L
2014-02-01 03:32:00 UTC,3.5,107,H
2014-02-01 09:51:00 UTC,-1.2,-37,L
2014-02-01 16:01:00 UTC,3.8,116,H
2014-02-01 22:22:00 UTC,-1.2,-37,L
2014-02-02 04:23:00 UTC,3.5,107,H
2014-02-02 10:44:00 UTC,-1.0,-30,L
2014-02-02 16:50:00 UTC,3.6,110,H
2014-02-02 23:10:00 UTC,-1.1,-34,L
2014-02-03 05:14:00 UTC,3.5,107,H
2014-02-03 11:37:00 UTC,-0.8,-24,L
2014-02-03 17:40:00 UTC,3.4,104,H
2014-02-03 23:57:00 UTC,-0.9,-27,L
2014-02-04 06:05:00 UTC,3.4,104,H
2014-02-04 12:30:00 UTC,-0.5,-15,L
2014-02-04 18:30:00 UTC,3.1,94,H
2014-02-05 00:46:00 UTC,-0.6,-18,L
2014-02-05 06:59:00 UTC,3.2,98,H
2014-02-05 13:26:00 UTC,-0.2,-6,L
2014-02-05 19:22:00 UTC,2.8,85,H
2014-02-06 01:37:00 UTC,-0.3,-9,L
2014-02-06 07:55:00 UTC,3.0,91,H
2014-02-06 14:25:00 UTC,0.1,3,L
2014-02-06 20:17:00 UTC,2.6,79,H
2014-02-07 02:31:00 UTC,-0.1,-3,L
2014-02-07 08:55:00 UTC,2.9,88,H
2014-02-07 15:26:00 UTC,0.4,12,L
2014-02-07 21:16:00 UTC,2.4,73,H
2014-02-08 03:28:00 UTC,0.1,3,L
2014-02-08 09:57:00 UTC,2.8,85,H
2014-02-08 16:29:00 UTC,0.5,15,L
2014-02-08 22:17:00 UTC,2.3,70,H
2014-02-09 04:27:00 UTC,0.2,6,L
2014-02-09 10:58:00 UTC,2.8,85,H
2014-02-09 17:27:00 UTC,0.5,15,L
2014-02-09 23:15:00 UTC,2.4,73,H
2014-02-10 05:24:00 UTC,0.1,3,L
2014-02-10 11:54:00 UTC,2.9,88,H
2014-02-10 18:20:00 UTC,0.4,12,L
2014-02-11 00:08:00 UTC,2.4,73,H
2014-02-11 06:17:00 UTC,0.1,3,L
2014-02-11 12:43:00 UTC,2.9,88,H
2014-02-11 19:06:00 UTC,0.2,6,L
2014-02-12 00:56:00 UTC,2.6,79,H
2014-02-12 07:05:00 UTC,0.0,0,L
2014-02-12 13:25:00 UTC,3.0,91,H
2014-02-12 19:48:00 UTC,0.1,3,L
2014-02-13 01:39:00 UTC,2.7,82,H
2014-02-13 07:49:00 UTC,-0.1,-3,L
2014-02-13 14:04:00 UTC,3.1,94,H
2014-02-13 20:26:00 UTC,-0.1,-3,L
2014-02-14 02:18:00 UTC,2.8,85,H
2014-02-14 08:30:00 UTC,-0.2,-6,L
2014-02-14 14:41:00 UTC,3.1,94,H
2014-02-14 21:02:00 UTC,-0.2,-6,L
2014-02-15 02:56:00 UTC,2.9,88,H
2014-02-15 09:09:00 UTC,-0.3,-9,L
2014-02-15 15:15:00 UTC,3.2,98,H
2014-02-15 21:37:00 UTC,-0.2,-6,L
2014-02-16 03:31:00 UTC,3.0,91,H
2014-02-16 09:46:00 UTC,-0.2,-6,L
2014-02-16 15:49:00 UTC,3.1,94,H
2014-02-16 22:10:00 UTC,-0.2,-6,L
2014-02-17 04:06:00 UTC,3.0,91,H
2014-02-17 10:24:00 UTC,-0.2,-6,L
2014-02-17 16:22:00 UTC,3.1,94,H
2014-02-17 22:43:00 UTC,-0.2,-6,L
2014-02-18 04:42:00 UTC,3.1,94,H
2014-02-18 11:02:00 UTC,-0.1,-3,L
2014-02-18 16:57:00 UTC,3.0,91,H
2014-02-18 23:18:00 UTC,-0.2,-6,L
2014-02-19 05:20:00 UTC,3.1,94,H
2014-02-19 11:43:00 UTC,0.0,0,L
2014-02-19 17:34:00 UTC,2.9,88,H
2014-02-19 23:55:00 UTC,-0.1,-3,L
2014-02-20 06:01:00 UTC,3.1,94,H
2014-02-20 12:28:00 UTC,0.1,3,L
2014-02-20 18:17:00 UTC,2.8,85,H
2014-02-21 00:38:00 UTC,-0.1,-3,L
2014-02-21 06:49:00 UTC,3.1,94,H
2014-02-21 13:20:00 UTC,0.2,6,L
2014-02-21 19:06:00 UTC,2.7,82,H
2014-02-22 01:28:00 UTC,0.0,0,L
2014-02-22 07:45:00 UTC,3.1,94,H
2014-02-22 14:20:00 UTC,0.3,9,L
2014-02-22 20:04:00 UTC,2.6,79,H
2014-02-23 02:27:00 UTC,0.0,0,L
2014-02-23 08:49:00 UTC,3.1,94,H
2014-02-23 15:26:00 UTC,0.3,9,L
2014-02-23 21:10:00 UTC,2.6,79,H
2014-02-24 03:34:00 UTC,0.0,0,L
2014-02-24 09:59:00 UTC,3.2,98,H
2014-02-24 16:34:00 UTC,0.2,6,L
2014-02-24 22:21:00 UTC,2.7,82,H
2014-02-25 04:43:00 UTC,-0.2,-6,L
2014-02-25 11:07:00 UTC,3.3,101,H
2014-02-25 17:38:00 UTC,-0.1,-3,L
2014-02-25 23:29:00 UTC,2.9,88,H
2014-02-26 05:50:00 UTC,-0.4,-12,L
2014-02-26 12:11:00 UTC,3.5,107,H
2014-02-26 18:37:00 UTC,-0.3,-9,L
2014-02-27 00:31:00 UTC,3.2,98,H
2014-02-27 06:52:00 UTC,-0.6,-18,L
2014-02-27 13:09:00 UTC,3.7,113,H
2014-02-27 19:31:00 UTC,-0.6,-18,L
2014-02-28 01:29:00 UTC,3.4,104,H
2014-02-28 07:50:00 UTC,-0.9,-27,L
2014-02-28 14:02:00 UTC,3.8,116,H
2014-02-28 20:22:00 UTC,-0.8,-24,L
2014-03-01 02:22:00 UTC,3.6,110,H
2014-03-01 08:44:00 UTC,-1.0,-30,L
2014-03-01 14:53:00 UTC,3.8,116,H
2014-03-01 21:10:00 UTC,-0.9,-27,L
2014-03-02 03:13:00 UTC,3.8,116,H
2014-03-02 09:36:00 UTC,-1.0,-30,L
2014-03-02 15:41:00 UTC,3.7,113,H
2014-03-02 21:56:00 UTC,-0.9,-27,L
2014-03-03 04:01:00 UTC,3.8,116,H
2014-03-03 10:26:00 UTC,-0.8,-24,L
2014-03-03 16:28:00 UTC,3.6,110,H
2014-03-03 22:42:00 UTC,-0.8,-24,L
2014-03-04 04:49:00 UTC,3.7,113,H
2014-03-04 11:15:00 UTC,-0.6,-18,L
2014-03-04 17:14:00 UTC,3.4,104,H
2014-03-04 23:27:00 UTC,-0.6,-18,L
2014-03-05 05:37:00 UTC,3.6,110,H
2014-03-05 12:05:00 UTC,-0.3,-9,L
2014-03-05 18:01:00 UTC,3.1,94,H
2014-03-06 00:13:00 UTC,-0.3,-9,L
2014-03-06 06:26:00 UTC,3.4,104,H
2014-03-06 12:56:00 UTC,0.1,3,L
2014-03-06 18:49:00 UTC,2.9,88,H
2014-03-07 01:02:00 UTC,0.0,0,L
2014-03-07 07:17:00 UTC,3.1,94,H
2014-03-07 13:49:00 UTC,0.4,12,L
2014-03-07 19:40:00 UTC,2.7,82,H
2014-03-08 01:53:00 UTC,0.2,6,L
2014-03-08 08:13:00 UTC,3.0,91,H
2014-03-08 14:47:00 UTC,0.6,18,L
2014-03-08 20:36:00 UTC,2.5,76,H
2014-03-09 02:50:00 UTC,0.4,12,L
2014-03-09 09:14:00 UTC,2.8,85,H
2014-03-09 15:47:00 UTC,0.8,24,L
2014-03-09 21:36:00 UTC,2.5,76,H
2014-03-10 03:50:00 UTC,0.5,15,L
2014-03-10 10:17:00 UTC,2.8,85,H
2014-03-10 16:46:00 UTC,0.8,24,L
2014-03-10 22:37:00 UTC,2.5,76,H
2014-03-11 04:50:00 UTC,0.5,15,L
2014-03-11 11:16:00 UTC,2.8,85,H
2014-03-11 17:40:00 UTC,0.7,21,L
2014-03-11 23:33:00 UTC,2.6,79,H
2014-03-12 05:46:00 UTC,0.4,12,L
2014-03-12 12:07:00 UTC,2.9,88,H
2014-03-12 18:28:00 UTC,0.5,15,L
2014-03-13 00:23:00 UTC,2.7,82,H
2014-03-13 06:37:00 UTC,0.3,9,L
2014-03-13 12:52:00 UTC,3.0,91,H
2014-03-13 19:11:00 UTC,0.4,12,L
2014-03-14 01:08:00 UTC,2.9,88,H
2014-03-14 07:23:00 UTC,0.2,6,L
2014-03-14 13:33:00 UTC,3.1,94,H
2014-03-14 19:50:00 UTC,0.2,6,L
2014-03-15 01:48:00 UTC,3.1,94,H
2014-03-15 08:05:00 UTC,0.0,0,L
2014-03-15 14:11:00 UTC,3.2,98,H
2014-03-15 20:27:00 UTC,0.0,0,L
2014-03-16 02:26:00 UTC,3.2,98,H
2014-03-16 08:45:00 UTC,-0.1,-3,L
2014-03-16 14:47:00 UTC,3.2,98,H
2014-03-16 21:03:00 UTC,0.0,0,L
2014-03-17 03:03:00 UTC,3.3,101,H
2014-03-17 09:24:00 UTC,-0.1,-3,L
2014-03-17 15:22:00 UTC,3.2,98,H
2014-03-17 21:38:00 UTC,-0.1,-3,L
2014-03-18 03:39:00 UTC,3.4,104,H
2014-03-18 10:03:00 UTC,-0.1,-3,L
2014-03-18 15:58:00 UTC,3.2,98,H
2014-03-18 22:13:00 UTC,-0.1,-3,L
2014-03-19 04:17:00 UTC,3.5,107,H
2014-03-19 10:43:00 UTC,-0.1,-3,L
2014-03-19 16:35:00 UTC,3.1,94,H
2014-03-19 22:50:00 UTC,-0.1,-3,L
2014-03-20 04:57:00 UTC,3.5,107,H
2014-03-20 11:25:00 UTC,0.0,0,L
2014-03-20 17:15:00 UTC,3.1,94,H
2014-03-20 23:31:00 UTC,0.0,0,L
2014-03-21 05:41:00 UTC,3.5,107,H
2014-03-21 12:12:00 UTC,0.1,3,L
2014-03-21 18:00:00 UTC,3.0,91,H
2014-03-22 00:17:00 UTC,0.0,0,L
2014-03-22 06:30:00 UTC,3.4,104,H
2014-03-22 13:04:00 UTC,0.2,6,L
2014-03-22 18:51:00 UTC,2.9,88,H
2014-03-23 01:10:00 UTC,0.1,3,L
2014-03-23 07:27:00 UTC,3.4,104,H
2014-03-23 14:03:00 UTC,0.3,9,L
2014-03-23 19:51:00 UTC,2.8,85,H
2014-03-24 02:12:00 UTC,0.2,6,L
2014-03-24 08:32:00 UTC,3.3,101,H
2014-03-24 15:07:00 UTC,0.3,9,L
2014-03-24 20:57:00 UTC,2.9,88,H
2014-03-25 03:20:00 UTC,0.2,6,L
2014-03-25 09:41:00 UTC,3.3,101,H
2014-03-25 16:13:00 UTC,0.3,9,L
2014-03-25 22:07:00 UTC,3.0,91,H
2014-03-26 04:31:00 UTC,0.1,3,L
2014-03-26 10:50:00 UTC,3.4,104,H
2014-03-26 17:15:00 UTC,0.1,3,L
2014-03-26 23:14:00 UTC,3.2,98,H
2014-03-27 05:39:00 UTC,-0.1,-3,L
2014-03-27 11:53:00 UTC,3.5,107,H
2014-03-27 18:13:00 UTC,-0.2,-6,L
2014-03-28 00:16:00 UTC,3.4,104,H
2014-03-28 06:41:00 UTC,-0.3,-9,L
2014-03-28 12:51:00 UTC,3.6,110,H
2014-03-28 19:07:00 UTC,-0.4,-12,L
2014-03-29 01:12:00 UTC,3.7,113,H
2014-03-29 07:37:00 UTC,-0.5,-15,L
2014-03-29 13:43:00 UTC,3.7,113,H
2014-03-29 19:56:00 UTC,-0.5,-15,L
2014-03-30 02:03:00 UTC,3.9,119,H
2014-03-30 08:30:00 UTC,-0.6,-18,L
2014-03-30 14:33:00 UTC,3.7,113,H
2014-03-30 20:44:00 UTC,-0.6,-18,L
2014-03-31 02:52:00 UTC,4.0,122,H
2014-03-31 09:19:00 UTC,-0.6,-18,L
2014-03-31 15:19:00 UTC,3.6,110,H
2014-03-31 21:29:00 UTC,-0.6,-18,L
2014-04-01 03:38:00 UTC,3.9,119,H
2014-04-01 10:07:00 UTC,-0.5,-15,L
2014-04-01 16:05:00 UTC,3.5,107,H
2014-04-01 22:13:00 UTC,-0.4,-12,L
2014-04-02 04:23:00 UTC,3.8,116,H
2014-04-02 10:53:00 UTC,-0.3,-9,L
2014-04-02 16:49:00 UTC,3.3,101,H
2014-04-02 22:57:00 UTC,-0.2,-6,L
2014-04-03 05:08:00 UTC,3.7,113,H
2014-04-03 11:39:00 UTC,0.0,0,L
2014-04-03 17:32:00 UTC,3.1,94,H
2014-04-03 23:41:00 UTC,0.0,0,L
2014-04-04 05:53:00 UTC,3.5,107,H
2014-04-04 12:25:00 UTC,0.3,9,L
2014-04-04 18:17:00 UTC,2.9,88,H
2014-04-05 00:27:00 UTC,0.3,9,L
2014-04-05 06:40:00 UTC,3.2,98,H
2014-04-05 13:14:00 UTC,0.6,18,L
2014-04-05 19:05:00 UTC,2.8,85,H
2014-04-06 01:17:00 UTC,0.5,15,L
2014-04-06 07:31:00 UTC,3.0,91,H
2014-04-06 14:06:00 UTC,0.8,24,L
2014-04-06 19:57:00 UTC,2.7,82,H
2014-04-07 02:11:00 UTC,0.7,21,L
2014-04-07 08:27:00 UTC,2.9,88,H
2014-04-07 15:01:00 UTC,0.9,27,L
2014-04-07 20:54:00 UTC,2.6,79,H
2014-04-08 03:10:00 UTC,0.8,24,L
2014-04-08 09:27:00 UTC,2.8,85,H
2014-04-08 15:57:00 UTC,0.9,27,L
2014-04-08 21:53:00 UTC,2.7,82,H
2014-04-09 04:11:00 UTC,0.8,24,L
2014-04-09 10:26:00 UTC,2.8,85,H
2014-04-09 16:51:00 UTC,0.9,27,L
2014-04-09 22:51:00 UTC,2.8,85,H
2014-04-10 05:09:00 UTC,0.7,21,L
2014-04-10 11:20:00 UTC,2.8,85,H
2014-04-10 17:40:00 UTC,0.7,21,L
2014-04-10 23:42:00 UTC,2.9,88,H
2014-04-11 06:02:00 UTC,0.6,18,L
2014-04-11 12:09:00 UTC,2.9,88,H
2014-04-11 18:26:00 UTC,0.5,15,L
2014-04-12 00:29:00 UTC,3.1,94,H
2014-04-12 06:51:00 UTC,0.4,12,L
2014-04-12 12:53:00 UTC,3.0,91,H
2014-04-12 19:08:00 UTC,0.4,12,L
2014-04-13 01:12:00 UTC,3.3,101,H
2014-04-13 07:35:00 UTC,0.2,6,L
2014-04-13 13:34:00 UTC,3.1,94,H
2014-04-13 19:48:00 UTC,0.2,6,L
2014-04-14 01:53:00 UTC,3.5,107,H
2014-04-14 08:18:00 UTC,0.1,3,L
2014-04-14 14:14:00 UTC,3.2,98,H
2014-04-14 20:27:00 UTC,0.1,3,L
2014-04-15 02:33:00 UTC,3.6,110,H
2014-04-15 09:00:00 UTC,-0.1,-3,L
2014-04-15 14:54:00 UTC,3.2,98,H
2014-04-15 21:06:00 UTC,0.0,0,L
2014-04-16 03:13:00 UTC,3.7,113,H
2014-04-16 09:42:00 UTC,-0.1,-3,L
2014-04-16 15:34:00 UTC,3.2,98,H
2014-04-16 21:46:00 UTC,-0.1,-3,L
2014-04-17 03:54:00 UTC,3.8,116,H
2014-04-17 10:25:00 UTC,-0.1,-3,L
2014-04-17 16:16:00 UTC,3.2,98,H
2014-04-17 22:28:00 UTC,-0.1,-3,L
2014-04-18 04:38:00 UTC,3.8,116,H
2014-04-18 11:11:00 UTC,-0.1,-3,L
2014-04-18 17:00:00 UTC,3.2,98,H
2014-04-18 23:13:00 UTC,0.0,0,L
2014-04-19 05:26:00 UTC,3.7,113,H
2014-04-19 12:00:00 UTC,0.0,0,L
2014-04-19 17:49:00 UTC,3.1,94,H
2014-04-20 00:04:00 UTC,0.1,3,L
2014-04-20 06:18:00 UTC,3.6,110,H
2014-04-20 12:53:00 UTC,0.1,3,L
2014-04-20 18:43:00 UTC,3.1,94,H
2014-04-21 01:00:00 UTC,0.2,6,L
2014-04-21 07:16:00 UTC,3.5,107,H
2014-04-21 13:50:00 UTC,0.2,6,L
2014-04-21 19:43:00 UTC,3.1,94,H
2014-04-22 02:04:00 UTC,0.3,9,L
2014-04-22 08:19:00 UTC,3.4,104,H
2014-04-22 14:50:00 UTC,0.2,6,L
2014-04-22 20:49:00 UTC,3.1,94,H
2014-04-23 03:12:00 UTC,0.3,9,L
2014-04-23 09:25:00 UTC,3.3,101,H
2014-04-23 15:52:00 UTC,0.2,6,L
2014-04-23 21:56:00 UTC,3.2,98,H
2014-04-24 04:22:00 UTC,0.2,6,L
2014-04-24 10:31:00 UTC,3.3,101,H
2014-04-24 16:52:00 UTC,0.1,3,L
2014-04-24 23:00:00 UTC,3.4,104,H
2014-04-25 05:28:00 UTC,0.1,3,L
2014-04-25 11:33:00 UTC,3.3,101,H
2014-04-25 17:48:00 UTC,-0.1,-3,L
2014-04-25 23:59:00 UTC,3.6,110,H
2014-04-26 06:28:00 UTC,-0.1,-3,L
2014-04-26 12:30:00 UTC,3.4,104,H
2014-04-26 18:41:00 UTC,-0.2,-6,L
2014-04-27 00:53:00 UTC,3.8,116,H
2014-04-27 07:23:00 UTC,-0.2,-6,L
2014-04-27 13:22:00 UTC,3.4,104,H
2014-04-27 19:30:00 UTC,-0.3,-9,L
2014-04-28 01:43:00 UTC,3.9,119,H
2014-04-28 08:14:00 UTC,-0.3,-9,L
2014-04-28 14:11:00 UTC,3.4,104,H
2014-04-28 20:17:00 UTC,-0.3,-9,L
2014-04-29 02:31:00 UTC,3.9,119,H
2014-04-29 09:01:00 UTC,-0.3,-9,L
2014-04-29 14:57:00 UTC,3.4,104,H
2014-04-29 21:02:00 UTC,-0.3,-9,L
2014-04-30 03:15:00 UTC,3.9,119,H
2014-04-30 09:47:00 UTC,-0.2,-6,L
2014-04-30 15:41:00 UTC,3.3,101,H
2014-04-30 21:46:00 UTC,-0.2,-6,L
2014-05-01 03:59:00 UTC,3.8,116,H
2014-05-01 10:30:00 UTC,-0.1,-3,L
2014-05-01 16:23:00 UTC,3.2,98,H
2014-05-01 22:29:00 UTC,0.0,0,L
2014-05-02 04:41:00 UTC,3.6,110,H
2014-05-02 11:13:00 UTC,0.1,3,L
2014-05-02 17:05:00 UTC,3.1,94,H
2014-05-02 23:12:00 UTC,0.2,6,L
2014-05-03 05:23:00 UTC,3.5,107,H
2014-05-03 11:57:00 UTC,0.3,9,L
2014-05-03 17:48:00 UTC,2.9,88,H
2014-05-03 23:56:00 UTC,0.4,12,L
2014-05-04 06:06:00 UTC,3.3,101,H
2014-05-04 12:41:00 UTC,0.5,15,L
2014-05-04 18:32:00 UTC,2.8,85,H
2014-05-05 00:43:00 UTC,0.6,18,L
2014-05-05 06:52:00 UTC,3.1,94,H
2014-05-05 13:27:00 UTC,0.7,21,L
2014-05-05 19:20:00 UTC,2.8,85,H
2014-05-06 01:33:00 UTC,0.8,24,L
2014-05-06 07:40:00 UTC,2.9,88,H
2014-05-06 14:15:00 UTC,0.8,24,L
2014-05-06 20:12:00 UTC,2.7,82,H
2014-05-07 02:29:00 UTC,0.9,27,L
2014-05-07 08:33:00 UTC,2.8,85,H
2014-05-07 15:06:00 UTC,0.8,24,L
2014-05-07 21:07:00 UTC,2.8,85,H
2014-05-08 03:27:00 UTC,0.9,27,L
2014-05-08 09:29:00 UTC,2.7,82,H
2014-05-08 15:57:00 UTC,0.8,24,L
2014-05-08 22:03:00 UTC,2.9,88,H
2014-05-09 04:26:00 UTC,0.9,27,L
2014-05-09 10:24:00 UTC,2.7,82,H
2014-05-09 16:47:00 UTC,0.7,21,L
2014-05-09 22:56:00 UTC,3.0,91,H
2014-05-10 05:21:00 UTC,0.7,21,L
2014-05-10 11:17:00 UTC,2.8,85,H
2014-05-10 17:35:00 UTC,0.5,15,L
2014-05-10 23:45:00 UTC,3.2,98,H
2014-05-11 06:13:00 UTC,0.5,15,L
2014-05-11 12:07:00 UTC,2.9,88,H
2014-05-11 18:21:00 UTC,0.4,12,L
2014-05-12 00:33:00 UTC,3.4,104,H
2014-05-12 07:02:00 UTC,0.3,9,L
2014-05-12 12:54:00 UTC,3.0,91,H
2014-05-12 19:06:00 UTC,0.2,6,L
2014-05-13 01:18:00 UTC,3.6,110,H
2014-05-13 07:49:00 UTC,0.1,3,L
2014-05-13 13:40:00 UTC,3.1,94,H
2014-05-13 19:50:00 UTC,0.0,0,L
2014-05-14 02:03:00 UTC,3.8,116,H
2014-05-14 08:35:00 UTC,-0.1,-3,L
2014-05-14 14:25:00 UTC,3.1,94,H
2014-05-14 20:35:00 UTC,-0.1,-3,L
2014-05-15 02:48:00 UTC,3.9,119,H
2014-05-15 09:21:00 UTC,-0.2,-6,L
2014-05-15 15:11:00 UTC,3.2,98,H
2014-05-15 21:21:00 UTC,-0.2,-6,L
2014-05-16 03:35:00 UTC,3.9,119,H
2014-05-16 10:08:00 UTC,-0.3,-9,L
2014-05-16 15:58:00 UTC,3.2,98,H
2014-05-16 22:09:00 UTC,-0.2,-6,L
2014-05-17 04:23:00 UTC,3.9,119,H
2014-05-17 10:57:00 UTC,-0.3,-9,L
2014-05-17 16:47:00 UTC,3.3,101,H
2014-05-17 23:00:00 UTC,-0.2,-6,L
2014-05-18 05:14:00 UTC,3.9,119,H
2014-05-18 11:47:00 UTC,-0.3,-9,L
2014-05-18 17:40:00 UTC,3.3,101,H
2014-05-18 23:54:00 UTC,-0.1,-3,L
2014-05-19 06:07:00 UTC,3.7,113,H
2014-05-19 12:39:00 UTC,-0.2,-6,L
2014-05-19 18:36:00 UTC,3.2,98,H
2014-05-20 00:53:00 UTC,0.0,0,L
2014-05-20 07:04:00 UTC,3.6,110,H
2014-05-20 13:34:00 UTC,-0.1,-3,L
2014-05-20 19:35:00 UTC,3.3,101,H
2014-05-21 01:56:00 UTC,0.1,3,L
2014-05-21 08:05:00 UTC,3.4,104,H
2014-05-21 14:31:00 UTC,-0.1,-3,L
2014-05-21 20:38:00 UTC,3.3,101,H
2014-05-22 03:03:00 UTC,0.2,6,L
2014-05-22 09:08:00 UTC,3.3,101,H
2014-05-22 15:29:00 UTC,0.0,0,L
2014-05-22 21:41:00 UTC,3.4,104,H
2014-05-23 04:10:00 UTC,0.2,6,L
2014-05-23 10:11:00 UTC,3.2,98,H
2014-05-23 16:27:00 UTC,0.0,0,L
2014-05-23 22:43:00 UTC,3.5,107,H
2014-05-24 05:14:00 UTC,0.1,3,L
2014-05-24 11:12:00 UTC,3.1,94,H
2014-05-24 17:22:00 UTC,-0.1,-3,L
2014-05-24 23:41:00 UTC,3.6,110,H
2014-05-25 06:13:00 UTC,0.1,3,L
2014-05-25 12:08:00 UTC,3.1,94,H
2014-05-25 18:15:00 UTC,-0.1,-3,L
2014-05-26 00:34:00 UTC,3.7,113,H
2014-05-26 07:07:00 UTC,0.0,0,L
2014-05-26 13:00:00 UTC,3.1,94,H
2014-05-26 19:05:00 UTC,-0.1,-3,L
2014-05-27 01:24:00 UTC,3.8,116,H
2014-05-27 07:56:00 UTC,-0.1,-3,L
2014-05-27 13:49:00 UTC,3.1,94,H
2014-05-27 19:52:00 UTC,-0.1,-3,L
2014-05-28 02:10:00 UTC,3.8,116,H
2014-05-28 08:43:00 UTC,-0.1,-3,L
2014-05-28 14:34:00 UTC,3.1,94,H
2014-05-28 20:37:00 UTC,-0.1,-3,L
2014-05-29 02:54:00 UTC,3.7,113,H
2014-05-29 09:26:00 UTC,-0.1,-3,L
2014-05-29 15:17:00 UTC,3.1,94,H
2014-05-29 21:20:00 UTC,0.0,0,L
2014-05-30 03:35:00 UTC,3.6,110,H
2014-05-30 10:08:00 UTC,0.0,0,L
2014-05-30 15:59:00 UTC,3.0,91,H
2014-05-30 22:03:00 UTC,0.1,3,L
2014-05-31 04:16:00 UTC,3.5,107,H
2014-05-31 10:48:00 UTC,0.1,3,L
2014-05-31 16:39:00 UTC,3.0,91,H
2014-05-31 22:45:00 UTC,0.2,6,L
2014-06-01 04:55:00 UTC,3.4,104,H
2014-06-01 11:28:00 UTC,0.2,6,L
2014-06-01 17:20:00 UTC,2.9,88,H
2014-06-01 23:27:00 UTC,0.4,12,L
2014-06-02 05:35:00 UTC,3.2,98,H
2014-06-02 12:08:00 UTC,0.4,12,L
2014-06-02 18:02:00 UTC,2.8,85,H
2014-06-03 00:11:00 UTC,0.6,18,L
2014-06-03 06:15:00 UTC,3.1,94,H
2014-06-03 12:49:00 UTC,0.5,15,L
2014-06-03 18:45:00 UTC,2.8,85,H
2014-06-04 00:58:00 UTC,0.7,21,L
2014-06-04 06:58:00 UTC,2.9,88,H
2014-06-04 13:31:00 UTC,0.5,15,L
2014-06-04 19:32:00 UTC,2.8,85,H
2014-06-05 01:49:00 UTC,0.8,24,L
2014-06-05 07:44:00 UTC,2.8,85,H
2014-06-05 14:16:00 UTC,0.6,18,L
2014-06-05 20:22:00 UTC,2.8,85,H
2014-06-06 02:43:00 UTC,0.9,27,L
2014-06-06 08:34:00 UTC,2.7,82,H
2014-06-06 15:03:00 UTC,0.6,18,L
2014-06-06 21:14:00 UTC,2.9,88,H
2014-06-07 03:40:00 UTC,0.8,24,L
2014-06-07 09:29:00 UTC,2.7,82,H
2014-06-07 15:53:00 UTC,0.5,15,L
2014-06-07 22:08:00 UTC,3.1,94,H
2014-06-08 04:38:00 UTC,0.7,21,L
2014-06-08 10:25:00 UTC,2.7,82,H
2014-06-08 16:44:00 UTC,0.4,12,L
2014-06-08 23:01:00 UTC,3.2,98,H
2014-06-09 05:34:00 UTC,0.5,15,L
2014-06-09 11:20:00 UTC,2.7,82,H
2014-06-09 17:36:00 UTC,0.2,6,L
2014-06-09 23:54:00 UTC,3.4,104,H
2014-06-10 06:28:00 UTC,0.3,9,L
2014-06-10 12:14:00 UTC,2.8,85,H
2014-06-10 18:27:00 UTC,0.1,3,L
2014-06-11 00:45:00 UTC,3.6,110,H
2014-06-11 07:20:00 UTC,0.0,0,L
2014-06-11 13:07:00 UTC,3.0,91,H
2014-06-11 19:18:00 UTC,-0.1,-3,L
2014-06-12 01:36:00 UTC,3.8,116,H
2014-06-12 08:11:00 UTC,-0.2,-6,L
2014-06-12 13:59:00 UTC,3.1,94,H
2014-06-12 20:09:00 UTC,-0.3,-9,L
2014-06-13 02:26:00 UTC,3.9,119,H
2014-06-13 09:00:00 UTC,-0.4,-12,L
2014-06-13 14:50:00 UTC,3.2,98,H
2014-06-13 21:01:00 UTC,-0.4,-12,L
2014-06-14 03:17:00 UTC,4.0,122,H
2014-06-14 09:50:00 UTC,-0.5,-15,L
2014-06-14 15:41:00 UTC,3.3,101,H
2014-06-14 21:53:00 UTC,-0.5,-15,L
2014-06-15 04:08:00 UTC,4.0,122,H
2014-06-15 10:40:00 UTC,-0.6,-18,L
2014-06-15 16:34:00 UTC,3.4,104,H
2014-06-15 22:48:00 UTC,-0.4,-12,L
2014-06-16 05:00:00 UTC,3.9,119,H
2014-06-16 11:30:00 UTC,-0.6,-18,L
2014-06-16 17:27:00 UTC,3.4,104,H
2014-06-16 23:44:00 UTC,-0.3,-9,L
2014-06-17 05:54:00 UTC,3.8,116,H
2014-06-17 12:21:00 UTC,-0.5,-15,L
2014-06-17 18:23:00 UTC,3.4,104,H
2014-06-18 00:43:00 UTC,-0.2,-6,L
2014-06-18 06:49:00 UTC,3.5,107,H
2014-06-18 13:14:00 UTC,-0.4,-12,L
2014-06-18 19:21:00 UTC,3.4,104,H
2014-06-19 01:45:00 UTC,0.0,0,L
2014-06-19 07:47:00 UTC,3.3,101,H
2014-06-19 14:09:00 UTC,-0.3,-9,L
2014-06-19 20:22:00 UTC,3.4,104,H
2014-06-20 02:49:00 UTC,0.2,6,L
2014-06-20 08:47:00 UTC,3.1,94,H
2014-06-20 15:04:00 UTC,-0.2,-6,L
2014-06-20 21:23:00 UTC,3.5,107,H
2014-06-21 03:53:00 UTC,0.2,6,L
2014-06-21 09:48:00 UTC,3.0,91,H
2014-06-21 16:01:00 UTC,-0.1,-3,L
2014-06-21 22:23:00 UTC,3.5,107,H
2014-06-22 04:56:00 UTC,0.3,9,L
2014-06-22 10:48:00 UTC,2.9,88,H
2014-06-22 16:56:00 UTC,0.0,0,L
2014-06-22 23:21:00 UTC,3.5,107,H
2014-06-23 05:55:00 UTC,0.2,6,L
2014-06-23 11:45:00 UTC,2.9,88,H
2014-06-23 17:50:00 UTC,0.0,0,L
2014-06-24 00:15:00 UTC,3.5,107,H
2014-06-24 06:48:00 UTC,0.2,6,L
2014-06-24 12:38:00 UTC,2.9,88,H
2014-06-24 18:41:00 UTC,0.0,0,L
2014-06-25 01:05:00 UTC,3.6,110,H
2014-06-25 07:37:00 UTC,0.1,3,L
2014-06-25 13:27:00 UTC,2.9,88,H
2014-06-25 19:29:00 UTC,0.0,0,L
2014-06-26 01:51:00 UTC,3.6,110,H
2014-06-26 08:22:00 UTC,0.1,3,L
2014-06-26 14:12:00 UTC,2.9,88,H
2014-06-26 20:14:00 UTC,0.0,0,L
2014-06-27 02:33:00 UTC,3.5,107,H
2014-06-27 09:04:00 UTC,0.1,3,L
2014-06-27 14:54:00 UTC,2.9,88,H
2014-06-27 20:57:00 UTC,0.1,3,L
2014-06-28 03:13:00 UTC,3.5,107,H
2014-06-28 09:44:00 UTC,0.1,3,L
2014-06-28 15:34:00 UTC,3.0,91,H
2014-06-28 21:39:00 UTC,0.1,3,L
2014-06-29 03:51:00 UTC,3.4,104,H
2014-06-29 10:22:00 UTC,0.1,3,L
2014-06-29 16:13:00 UTC,3.0,91,H
2014-06-29 22:20:00 UTC,0.2,6,L
2014-06-30 04:28:00 UTC,3.3,101,H
2014-06-30 10:58:00 UTC,0.2,6,L
2014-06-30 16:52:00 UTC,3.0,91,H
2014-06-30 23:01:00 UTC,0.4,12,L
2014-07-01 05:04:00 UTC,3.2,98,H
2014-07-01 11:35:00 UTC,0.2,6,L
2014-07-01 17:31:00 UTC,2.9,88,H
2014-07-01 23:42:00 UTC,0.5,15,L
2014-07-02 05:41:00 UTC,3.1,94,H
2014-07-02 12:12:00 UTC,0.3,9,L
2014-07-02 18:11:00 UTC,2.9,88,H
2014-07-03 00:25:00 UTC,0.6,18,L
2014-07-03 06:20:00 UTC,2.9,88,H
2014-07-03 12:50:00 UTC,0.4,12,L
2014-07-03 18:53:00 UTC,2.9,88,H
2014-07-04 01:12:00 UTC,0.7,21,L
2014-07-04 07:01:00 UTC,2.8,85,H
2014-07-04 13:31:00 UTC,0.4,12,L
2014-07-04 19:39:00 UTC,3.0,91,H
2014-07-05 02:02:00 UTC,0.8,24,L
2014-07-05 07:48:00 UTC,2.7,82,H
2014-07-05 14:15:00 UTC,0.4,12,L
2014-07-05 20:29:00 UTC,3.0,91,H
2014-07-06 02:58:00 UTC,0.8,24,L
2014-07-06 08:41:00 UTC,2.7,82,H
2014-07-06 15:05:00 UTC,0.4,12,L
2014-07-06 21:24:00 UTC,3.2,98,H
2014-07-07 03:58:00 UTC,0.7,21,L
2014-07-07 09:39:00 UTC,2.7,82,H
2014-07-07 15:59:00 UTC,0.3,9,L
2014-07-07 22:21:00 UTC,3.3,101,H
2014-07-08 04:58:00 UTC,0.5,15,L
2014-07-08 10:40:00 UTC,2.7,82,H
2014-07-08 16:57:00 UTC,0.2,6,L
2014-07-08 23:20:00 UTC,3.5,107,H
2014-07-09 05:57:00 UTC,0.3,9,L
2014-07-09 11:40:00 UTC,2.8,85,H
2014-07-09 17:54:00 UTC,0.0,0,L
2014-07-10 00:17:00 UTC,3.7,113,H
2014-07-10 06:53:00 UTC,0.1,3,L
2014-07-10 12:39:00 UTC,3.0,91,H
2014-07-10 18:52:00 UTC,-0.2,-6,L
2014-07-11 01:13:00 UTC,3.9,119,H
2014-07-11 07:46:00 UTC,-0.2,-6,L
2014-07-11 13:35:00 UTC,3.2,98,H
2014-07-11 19:48:00 UTC,-0.4,-12,L
2014-07-12 02:07:00 UTC,4.0,122,H
2014-07-12 08:38:00 UTC,-0.5,-15,L
2014-07-12 14:30:00 UTC,3.4,104,H
2014-07-12 20:44:00 UTC,-0.5,-15,L
2014-07-13 02:59:00 UTC,4.1,125,H
2014-07-13 09:29:00 UTC,-0.6,-18,L
2014-07-13 15:23:00 UTC,3.5,107,H
2014-07-13 21:39:00 UTC,-0.6,-18,L
2014-07-14 03:51:00 UTC,4.1,125,H
2014-07-14 10:18:00 UTC,-0.7,-21,L
2014-07-14 16:17:00 UTC,3.6,110,H
2014-07-14 22:34:00 UTC,-0.5,-15,L
2014-07-15 04:43:00 UTC,4.0,122,H
2014-07-15 11:08:00 UTC,-0.7,-21,L
2014-07-15 17:10:00 UTC,3.7,113,H
2014-07-15 23:30:00 UTC,-0.4,-12,L
2014-07-16 05:36:00 UTC,3.8,116,H
2014-07-16 11:58:00 UTC,-0.6,-18,L
2014-07-16 18:05:00 UTC,3.7,113,H
2014-07-17 00:28:00 UTC,-0.2,-6,L
2014-07-17 06:29:00 UTC,3.5,107,H
2014-07-17 12:50:00 UTC,-0.4,-12,L
2014-07-17 19:01:00 UTC,3.7,113,H
2014-07-18 01:27:00 UTC,0.0,0,L
2014-07-18 07:25:00 UTC,3.3,101,H
2014-07-18 13:42:00 UTC,-0.2,-6,L
2014-07-18 19:59:00 UTC,3.6,110,H
2014-07-19 02:29:00 UTC,0.2,6,L
2014-07-19 08:23:00 UTC,3.1,94,H
2014-07-19 14:37:00 UTC,0.0,0,L
2014-07-19 21:00:00 UTC,3.5,107,H
2014-07-20 03:32:00 UTC,0.4,12,L
2014-07-20 09:23:00 UTC,2.9,88,H
2014-07-20 15:34:00 UTC,0.1,3,L
2014-07-20 22:01:00 UTC,3.4,104,H
2014-07-21 04:34:00 UTC,0.5,15,L
2014-07-21 10:24:00 UTC,2.8,85,H
2014-07-21 16:31:00 UTC,0.2,6,L
2014-07-21 23:00:00 UTC,3.4,104,H
2014-07-22 05:33:00 UTC,0.5,15,L
2014-07-22 11:22:00 UTC,2.8,85,H
2014-07-22 17:26:00 UTC,0.3,9,L
2014-07-22 23:55:00 UTC,3.4,104,H
2014-07-23 06:27:00 UTC,0.5,15,L
2014-07-23 12:15:00 UTC,2.8,85,H
2014-07-23 18:19:00 UTC,0.3,9,L
2014-07-24 00:45:00 UTC,3.5,107,H
2014-07-24 07:15:00 UTC,0.4,12,L
2014-07-24 13:04:00 UTC,2.9,88,H
2014-07-24 19:08:00 UTC,0.3,9,L
2014-07-25 01:30:00 UTC,3.5,107,H
2014-07-25 07:58:00 UTC,0.3,9,L
2014-07-25 13:48:00 UTC,3.0,91,H
2014-07-25 19:53:00 UTC,0.2,6,L
2014-07-26 02:11:00 UTC,3.5,107,H
2014-07-26 08:38:00 UTC,0.3,9,L
2014-07-26 14:30:00 UTC,3.0,91,H
2014-07-26 20:36:00 UTC,0.2,6,L
2014-07-27 02:49:00 UTC,3.5,107,H
2014-07-27 09:16:00 UTC,0.2,6,L
2014-07-27 15:09:00 UTC,3.1,94,H
2014-07-27 21:17:00 UTC,0.3,9,L
2014-07-28 03:26:00 UTC,3.4,104,H
2014-07-28 09:52:00 UTC,0.2,6,L
2014-07-28 15:46:00 UTC,3.1,94,H
2014-07-28 21:56:00 UTC,0.3,9,L
2014-07-29 04:01:00 UTC,3.4,104,H
2014-07-29 10:26:00 UTC,0.2,6,L
2014-07-29 16:23:00 UTC,3.2,98,H
2014-07-29 22:35:00 UTC,0.4,12,L
2014-07-30 04:35:00 UTC,3.3,101,H
2014-07-30 11:01:00 UTC,0.3,9,L
2014-07-30 16:59:00 UTC,3.2,98,H
2014-07-30 23:14:00 UTC,0.5,15,L
2014-07-31 05:09:00 UTC,3.2,98,H
2014-07-31 11:35:00 UTC,0.3,9,L
2014-07-31 17:36:00 UTC,3.2,98,H
2014-07-31 23:55:00 UTC,0.6,18,L
2014-08-01 05:46:00 UTC,3.1,94,H
2014-08-01 12:11:00 UTC,0.4,12,L
2014-08-01 18:16:00 UTC,3.2,98,H
2014-08-02 00:39:00 UTC,0.7,21,L
2014-08-02 06:25:00 UTC,3.0,91,H
2014-08-02 12:50:00 UTC,0.5,15,L
2014-08-02 19:00:00 UTC,3.2,98,H
2014-08-03 01:28:00 UTC,0.8,24,L
2014-08-03 07:11:00 UTC,2.9,88,H
2014-08-03 13:34:00 UTC,0.5,15,L
2014-08-03 19:50:00 UTC,3.3,101,H
2014-08-04 02:23:00 UTC,0.8,24,L
2014-08-04 08:04:00 UTC,2.8,85,H
2014-08-04 14:26:00 UTC,0.5,15,L
2014-08-04 20:47:00 UTC,3.3,101,H
2014-08-05 03:24:00 UTC,0.8,24,L
2014-08-05 09:04:00 UTC,2.8,85,H
2014-08-05 15:25:00 UTC,0.4,12,L
2014-08-05 21:49:00 UTC,3.5,107,H
2014-08-06 04:27:00 UTC,0.7,21,L
2014-08-06 10:09:00 UTC,2.8,85,H
2014-08-06 16:27:00 UTC,0.3,9,L
2014-08-06 22:53:00 UTC,3.6,110,H
2014-08-07 05:29:00 UTC,0.4,12,L
2014-08-07 11:14:00 UTC,3.0,91,H
2014-08-07 17:31:00 UTC,0.1,3,L
2014-08-07 23:54:00 UTC,3.8,116,H
2014-08-08 06:28:00 UTC,0.2,6,L
2014-08-08 12:16:00 UTC,3.2,98,H
2014-08-08 18:33:00 UTC,-0.1,-3,L
2014-08-09 00:52:00 UTC,4.0,122,H
2014-08-09 07:22:00 UTC,-0.1,-3,L
2014-08-09 13:15:00 UTC,3.5,107,H
2014-08-09 19:32:00 UTC,-0.3,-9,L
2014-08-10 01:48:00 UTC,4.1,125,H
2014-08-10 08:14:00 UTC,-0.4,-12,L
2014-08-10 14:10:00 UTC,3.7,113,H
2014-08-10 20:28:00 UTC,-0.5,-15,L
2014-08-11 02:41:00 UTC,4.2,128,H
2014-08-11 09:04:00 UTC,-0.6,-18,L
2014-08-11 15:04:00 UTC,3.9,119,H
2014-08-11 21:24:00 UTC,-0.5,-15,L
2014-08-12 03:32:00 UTC,4.1,125,H
2014-08-12 09:53:00 UTC,-0.6,-18,L
2014-08-12 15:56:00 UTC,4.0,122,H
2014-08-12 22:18:00 UTC,-0.5,-15,L
2014-08-13 04:23:00 UTC,4.0,122,H
2014-08-13 10:42:00 UTC,-0.6,-18,L
2014-08-13 16:49:00 UTC,4.0,122,H
2014-08-13 23:13:00 UTC,-0.3,-9,L
2014-08-14 05:14:00 UTC,3.8,116,H
2014-08-14 11:31:00 UTC,-0.5,-15,L
2014-08-14 17:41:00 UTC,4.0,122,H
2014-08-15 00:08:00 UTC,-0.1,-3,L
2014-08-15 06:06:00 UTC,3.6,110,H
2014-08-15 12:21:00 UTC,-0.2,-6,L
2014-08-15 18:35:00 UTC,3.9,119,H
2014-08-16 01:05:00 UTC,0.2,6,L
2014-08-16 06:59:00 UTC,3.3,101,H
2014-08-16 13:13:00 UTC,0.0,0,L
2014-08-16 19:32:00 UTC,3.7,113,H
2014-08-17 02:04:00 UTC,0.5,15,L
2014-08-17 07:56:00 UTC,3.1,94,H
2014-08-17 14:08:00 UTC,0.3,9,L
2014-08-17 20:32:00 UTC,3.5,107,H
2014-08-18 03:06:00 UTC,0.7,21,L
2014-08-18 08:55:00 UTC,2.9,88,H
2014-08-18 15:05:00 UTC,0.5,15,L
2014-08-18 21:33:00 UTC,3.4,104,H
2014-08-19 04:07:00 UTC,0.8,24,L
2014-08-19 09:57:00 UTC,2.8,85,H
2014-08-19 16:04:00 UTC,0.6,18,L
2014-08-19 22:34:00 UTC,3.4,104,H
2014-08-20 05:06:00 UTC,0.9,27,L
2014-08-20 10:56:00 UTC,2.8,85,H
2014-08-20 17:02:00 UTC,0.7,21,L
2014-08-20 23:30:00 UTC,3.4,104,H
2014-08-21 05:59:00 UTC,0.8,24,L
2014-08-21 11:50:00 UTC,2.9,88,H
2014-08-21 17:56:00 UTC,0.6,18,L
2014-08-22 00:20:00 UTC,3.4,104,H
2014-08-22 06:46:00 UTC,0.7,21,L
2014-08-22 12:39:00 UTC,3.0,91,H
2014-08-22 18:45:00 UTC,0.6,18,L
2014-08-23 01:05:00 UTC,3.5,107,H
2014-08-23 07:28:00 UTC,0.6,18,L
2014-08-23 13:23:00 UTC,3.2,98,H
2014-08-23 19:31:00 UTC,0.5,15,L
2014-08-24 01:45:00 UTC,3.5,107,H
2014-08-24 08:07:00 UTC,0.5,15,L
2014-08-24 14:03:00 UTC,3.3,101,H
2014-08-24 20:13:00 UTC,0.5,15,L
2014-08-25 02:22:00 UTC,3.5,107,H
2014-08-25 08:44:00 UTC,0.4,12,L
2014-08-25 14:41:00 UTC,3.4,104,H
2014-08-25 20:53:00 UTC,0.4,12,L
2014-08-26 02:57:00 UTC,3.5,107,H
2014-08-26 09:19:00 UTC,0.4,12,L
2014-08-26 15:17:00 UTC,3.4,104,H
2014-08-26 21:32:00 UTC,0.4,12,L
2014-08-27 03:32:00 UTC,3.5,107,H
2014-08-27 09:52:00 UTC,0.4,12,L
2014-08-27 15:52:00 UTC,3.5,107,H
2014-08-27 22:10:00 UTC,0.5,15,L
2014-08-28 04:05:00 UTC,3.4,104,H
2014-08-28 10:26:00 UTC,0.4,12,L
2014-08-28 16:28:00 UTC,3.5,107,H
2014-08-28 22:48:00 UTC,0.6,18,L
2014-08-29 04:40:00 UTC,3.3,101,H
2014-08-29 11:00:00 UTC,0.5,15,L
2014-08-29 17:04:00 UTC,3.5,107,H
2014-08-29 23:28:00 UTC,0.7,21,L
2014-08-30 05:16:00 UTC,3.2,98,H
2014-08-30 11:36:00 UTC,0.5,15,L
2014-08-30 17:44:00 UTC,3.5,107,H
2014-08-31 00:11:00 UTC,0.8,24,L
2014-08-31 05:56:00 UTC,3.1,94,H
2014-08-31 12:16:00 UTC,0.6,18,L
2014-08-31 18:28:00 UTC,3.5,107,H
2014-09-01 01:00:00 UTC,0.9,27,L
2014-09-01 06:43:00 UTC,3.0,91,H
2014-09-01 13:02:00 UTC,0.6,18,L
2014-09-01 19:20:00 UTC,3.5,107,H
2014-09-02 01:56:00 UTC,0.9,27,L
2014-09-02 07:37:00 UTC,3.0,91,H
2014-09-02 13:58:00 UTC,0.7,21,L
2014-09-02 20:20:00 UTC,3.5,107,H
2014-09-03 02:58:00 UTC,0.9,27,L
2014-09-03 08:40:00 UTC,3.0,91,H
2014-09-03 15:01:00 UTC,0.6,18,L
2014-09-03 21:25:00 UTC,3.6,110,H
2014-09-04 04:03:00 UTC,0.8,24,L
2014-09-04 09:48:00 UTC,3.1,94,H
2014-09-04 16:08:00 UTC,0.5,15,L
2014-09-04 22:31:00 UTC,3.7,113,H
2014-09-05 05:05:00 UTC,0.6,18,L
2014-09-05 10:56:00 UTC,3.3,101,H
2014-09-05 17:15:00 UTC,0.3,9,L
2014-09-05 23:35:00 UTC,3.9,119,H
2014-09-06 06:04:00 UTC,0.3,9,L
2014-09-06 11:59:00 UTC,3.5,107,H
2014-09-06 18:19:00 UTC,0.1,3,L
2014-09-07 00:34:00 UTC,4.0,122,H
2014-09-07 06:58:00 UTC,0.0,0,L
2014-09-07 12:57:00 UTC,3.8,116,H
2014-09-07 19:18:00 UTC,-0.2,-6,L
2014-09-08 01:29:00 UTC,4.1,125,H
2014-09-08 07:49:00 UTC,-0.3,-9,L
2014-09-08 13:51:00 UTC,4.1,125,H
2014-09-08 20:14:00 UTC,-0.3,-9,L
2014-09-09 02:21:00 UTC,4.2,128,H
2014-09-09 08:39:00 UTC,-0.4,-12,L
2014-09-09 14:44:00 UTC,4.2,128,H
2014-09-09 21:08:00 UTC,-0.4,-12,L
2014-09-10 03:11:00 UTC,4.1,125,H
2014-09-10 09:27:00 UTC,-0.5,-15,L
2014-09-10 15:34:00 UTC,4.3,131,H
2014-09-10 22:00:00 UTC,-0.3,-9,L
2014-09-11 04:00:00 UTC,4.0,122,H
2014-09-11 10:14:00 UTC,-0.4,-12,L
2014-09-11 16:24:00 UTC,4.3,131,H
2014-09-11 22:52:00 UTC,-0.1,-3,L
2014-09-12 04:49:00 UTC,3.8,116,H
2014-09-12 11:02:00 UTC,-0.2,-6,L
2014-09-12 17:15:00 UTC,4.1,125,H
2014-09-12 23:45:00 UTC,0.2,6,L
2014-09-13 05:39:00 UTC,3.6,110,H
2014-09-13 11:51:00 UTC,0.1,3,L
2014-09-13 18:06:00 UTC,4.0,122,H
2014-09-14 00:39:00 UTC,0.5,15,L
2014-09-14 06:30:00 UTC,3.3,101,H
2014-09-14 12:41:00 UTC,0.4,12,L
2014-09-14 19:01:00 UTC,3.7,113,H
2014-09-15 01:35:00 UTC,0.8,24,L
2014-09-15 07:25:00 UTC,3.1,94,H
2014-09-15 13:35:00 UTC,0.6,18,L
2014-09-15 19:58:00 UTC,3.5,107,H
2014-09-16 02:34:00 UTC,1.0,30,L
2014-09-16 08:24:00 UTC,3.0,91,H
2014-09-16 14:33:00 UTC,0.9,27,L
2014-09-16 20:59:00 UTC,3.4,104,H
2014-09-17 03:34:00 UTC,1.1,34,L
2014-09-17 09:25:00 UTC,2.9,88,H
2014-09-17 15:34:00 UTC,1.0,30,L
2014-09-17 22:01:00 UTC,3.3,101,H
2014-09-18 04:31:00 UTC,1.1,34,L
2014-09-18 10:25:00 UTC,2.9,88,H
2014-09-18 16:34:00 UTC,1.0,30,L
2014-09-18 22:58:00 UTC,3.3,101,H
2014-09-19 05:24:00 UTC,1.1,34,L
2014-09-19 11:20:00 UTC,3.0,91,H
2014-09-19 17:29:00 UTC,1.0,30,L
2014-09-19 23:48:00 UTC,3.4,104,H
2014-09-20 06:10:00 UTC,0.9,27,L
2014-09-20 12:09:00 UTC,3.2,98,H
2014-09-20 18:20:00 UTC,0.8,24,L
2014-09-21 00:32:00 UTC,3.4,104,H
2014-09-21 06:52:00 UTC,0.8,24,L
2014-09-21 12:52:00 UTC,3.3,101,H
2014-09-21 19:05:00 UTC,0.7,21,L
2014-09-22 01:13:00 UTC,3.5,107,H
2014-09-22 07:31:00 UTC,0.6,18,L
2014-09-22 13:32:00 UTC,3.5,107,H
2014-09-22 19:48:00 UTC,0.6,18,L
2014-09-23 01:51:00 UTC,3.5,107,H
2014-09-23 08:08:00 UTC,0.5,15,L
2014-09-23 14:10:00 UTC,3.6,110,H
2014-09-23 20:28:00 UTC,0.5,15,L
2014-09-24 02:27:00 UTC,3.5,107,H
2014-09-24 08:43:00 UTC,0.4,12,L
2014-09-24 14:47:00 UTC,3.7,113,H
2014-09-24 21:07:00 UTC,0.5,15,L
2014-09-25 03:02:00 UTC,3.5,107,H
2014-09-25 09:18:00 UTC,0.4,12,L
2014-09-25 15:22:00 UTC,3.8,116,H
2014-09-25 21:45:00 UTC,0.5,15,L
2014-09-26 03:37:00 UTC,3.4,104,H
2014-09-26 09:52:00 UTC,0.4,12,L
2014-09-26 15:58:00 UTC,3.8,116,H
2014-09-26 22:25:00 UTC,0.6,18,L
2014-09-27 04:13:00 UTC,3.4,104,H
2014-09-27 10:28:00 UTC,0.5,15,L
2014-09-27 16:36:00 UTC,3.8,116,H
2014-09-27 23:06:00 UTC,0.6,18,L
2014-09-28 04:52:00 UTC,3.3,101,H
2014-09-28 11:07:00 UTC,0.5,15,L
2014-09-28 17:18:00 UTC,3.8,116,H
2014-09-28 23:51:00 UTC,0.7,21,L
2014-09-29 05:34:00 UTC,3.2,98,H
2014-09-29 11:50:00 UTC,0.6,18,L
2014-09-29 18:05:00 UTC,3.7,113,H
2014-09-30 00:41:00 UTC,0.8,24,L
2014-09-30 06:24:00 UTC,3.1,94,H
2014-09-30 12:40:00 UTC,0.7,21,L
2014-09-30 18:59:00 UTC,3.7,113,H
2014-10-01 01:37:00 UTC,0.9,27,L
2014-10-01 07:21:00 UTC,3.1,94,H
2014-10-01 13:39:00 UTC,0.7,21,L
2014-10-01 20:00:00 UTC,3.6,110,H
2014-10-02 02:38:00 UTC,0.8,24,L
2014-10-02 08:26:00 UTC,3.1,94,H
2014-10-02 14:46:00 UTC,0.7,21,L
2014-10-02 21:06:00 UTC,3.6,110,H
2014-10-03 03:42:00 UTC,0.7,21,L
2014-10-03 09:35:00 UTC,3.2,98,H
2014-10-03 15:56:00 UTC,0.6,18,L
2014-10-03 22:13:00 UTC,3.7,113,H
2014-10-04 04:43:00 UTC,0.5,15,L
2014-10-04 10:41:00 UTC,3.5,107,H
2014-10-04 17:04:00 UTC,0.4,12,L
2014-10-04 23:17:00 UTC,3.8,116,H
2014-10-05 05:40:00 UTC,0.2,6,L
2014-10-05 11:43:00 UTC,3.7,113,H
2014-10-05 18:07:00 UTC,0.2,6,L
2014-10-06 00:15:00 UTC,3.9,119,H
2014-10-06 06:34:00 UTC,0.0,0,L
2014-10-06 12:40:00 UTC,4.0,122,H
2014-10-06 19:05:00 UTC,-0.1,-3,L
2014-10-07 01:09:00 UTC,3.9,119,H
2014-10-07 07:25:00 UTC,-0.2,-6,L
2014-10-07 13:33:00 UTC,4.2,128,H
2014-10-07 20:00:00 UTC,-0.2,-6,L
2014-10-08 02:00:00 UTC,4.0,122,H
2014-10-08 08:13:00 UTC,-0.4,-12,L
2014-10-08 14:24:00 UTC,4.3,131,H
2014-10-08 20:52:00 UTC,-0.2,-6,L
2014-10-09 02:49:00 UTC,3.9,119,H
2014-10-09 09:00:00 UTC,-0.4,-12,L
2014-10-09 15:12:00 UTC,4.4,134,H
2014-10-09 21:42:00 UTC,-0.2,-6,L
2014-10-10 03:37:00 UTC,3.8,116,H
2014-10-10 09:47:00 UTC,-0.3,-9,L
2014-10-10 16:00:00 UTC,4.3,131,H
2014-10-10 22:31:00 UTC,0.0,0,L
2014-10-11 04:24:00 UTC,3.6,110,H
2014-10-11 10:33:00 UTC,-0.1,-3,L
2014-10-11 16:48:00 UTC,4.1,125,H
2014-10-11 23:20:00 UTC,0.2,6,L
2014-10-12 05:12:00 UTC,3.4,104,H
2014-10-12 11:20:00 UTC,0.2,6,L
2014-10-12 17:36:00 UTC,3.9,119,H
2014-10-13 00:10:00 UTC,0.5,15,L
2014-10-13 06:00:00 UTC,3.2,98,H
2014-10-13 12:09:00 UTC,0.5,15,L
2014-10-13 18:27:00 UTC,3.6,110,H
2014-10-14 01:02:00 UTC,0.8,24,L
2014-10-14 06:52:00 UTC,3.0,91,H
2014-10-14 13:01:00 UTC,0.8,24,L
2014-10-14 19:20:00 UTC,3.4,104,H
2014-10-15 01:56:00 UTC,1.0,30,L
2014-10-15 07:47:00 UTC,2.9,88,H
2014-10-15 13:57:00 UTC,1.0,30,L
2014-10-15 20:17:00 UTC,3.3,101,H
2014-10-16 02:52:00 UTC,1.1,34,L
2014-10-16 08:47:00 UTC,2.9,88,H
2014-10-16 14:57:00 UTC,1.1,34,L
2014-10-16 21:16:00 UTC,3.1,94,H
2014-10-17 03:48:00 UTC,1.1,34,L
2014-10-17 09:46:00 UTC,2.9,88,H
2014-10-17 15:58:00 UTC,1.1,34,L
2014-10-17 22:13:00 UTC,3.1,94,H
2014-10-18 04:40:00 UTC,1.0,30,L
2014-10-18 10:42:00 UTC,3.0,91,H
2014-10-18 16:56:00 UTC,1.1,34,L
2014-10-18 23:05:00 UTC,3.1,94,H
2014-10-19 05:27:00 UTC,0.9,27,L
2014-10-19 11:32:00 UTC,3.2,98,H
2014-10-19 17:48:00 UTC,0.9,27,L
2014-10-19 23:52:00 UTC,3.2,98,H
2014-10-20 06:10:00 UTC,0.7,21,L
2014-10-20 12:17:00 UTC,3.3,101,H
2014-10-20 18:35:00 UTC,0.8,24,L
2014-10-21 00:35:00 UTC,3.2,98,H
2014-10-21 06:51:00 UTC,0.6,18,L
2014-10-21 12:58:00 UTC,3.5,107,H
2014-10-21 19:19:00 UTC,0.6,18,L
2014-10-22 01:15:00 UTC,3.3,101,H
2014-10-22 07:30:00 UTC,0.4,12,L
2014-10-22 13:38:00 UTC,3.7,113,H
2014-10-22 20:01:00 UTC,0.4,12,L
2014-10-23 01:54:00 UTC,3.3,101,H
2014-10-23 08:07:00 UTC,0.3,9,L
2014-10-23 14:16:00 UTC,3.8,116,H
2014-10-23 20:42:00 UTC,0.3,9,L
2014-10-24 02:32:00 UTC,3.3,101,H
2014-10-24 08:44:00 UTC,0.2,6,L
2014-10-24 14:54:00 UTC,3.8,116,H
2014-10-24 21:22:00 UTC,0.3,9,L
2014-10-25 03:10:00 UTC,3.3,101,H
2014-10-25 09:22:00 UTC,0.2,6,L
2014-10-25 15:33:00 UTC,3.9,119,H
2014-10-25 22:04:00 UTC,0.3,9,L
2014-10-26 03:50:00 UTC,3.3,101,H
2014-10-26 10:02:00 UTC,0.2,6,L
2014-10-26 16:15:00 UTC,3.9,119,H
2014-10-26 22:47:00 UTC,0.3,9,L
2014-10-27 04:33:00 UTC,3.2,98,H
2014-10-27 10:45:00 UTC,0.3,9,L
2014-10-27 16:59:00 UTC,3.8,116,H
2014-10-27 23:34:00 UTC,0.4,12,L
2014-10-28 05:19:00 UTC,3.2,98,H
2014-10-28 11:32:00 UTC,0.3,9,L
2014-10-28 17:49:00 UTC,3.8,116,H
2014-10-29 00:25:00 UTC,0.4,12,L
2014-10-29 06:11:00 UTC,3.1,94,H
2014-10-29 12:27:00 UTC,0.4,12,L
2014-10-29 18:44:00 UTC,3.7,113,H
2014-10-30 01:21:00 UTC,0.5,15,L
2014-10-30 07:10:00 UTC,3.1,94,H
2014-10-30 13:28:00 UTC,0.5,15,L
2014-10-30 19:44:00 UTC,3.6,110,H
2014-10-31 02:20:00 UTC,0.4,12,L
2014-10-31 08:15:00 UTC,3.2,98,H
2014-10-31 14:36:00 UTC,0.5,15,L
2014-10-31 20:50:00 UTC,3.5,107,H
2014-11-01 03:21:00 UTC,0.4,12,L
2014-11-01 09:22:00 UTC,3.3,101,H
2014-11-01 15:46:00 UTC,0.5,15,L
2014-11-01 21:55:00 UTC,3.5,107,H
2014-11-02 04:20:00 UTC,0.2,6,L
2014-11-02 10:27:00 UTC,3.5,107,H
2014-11-02 16:54:00 UTC,0.3,9,L
2014-11-02 22:58:00 UTC,3.5,107,H
2014-11-03 05:17:00 UTC,0.0,0,L
2014-11-03 11:28:00 UTC,3.7,113,H
2014-11-03 17:56:00 UTC,0.1,3,L
2014-11-03 23:56:00 UTC,3.5,107,H
2014-11-04 06:10:00 UTC,-0.2,-6,L
2014-11-04 12:24:00 UTC,3.9,119,H
2014-11-04 18:53:00 UTC,-0.1,-3,L
2014-11-05 00:50:00 UTC,3.5,107,H
2014-11-05 07:01:00 UTC,-0.3,-9,L
2014-11-05 13:16:00 UTC,4.1,125,H
2014-11-05 19:46:00 UTC,-0.2,-6,L
2014-11-06 01:41:00 UTC,3.5,107,H
2014-11-06 07:50:00 UTC,-0.4,-12,L
2014-11-06 14:05:00 UTC,4.2,128,H
2014-11-06 20:36:00 UTC,-0.3,-9,L
2014-11-07 02:29:00 UTC,3.5,107,H
2014-11-07 08:36:00 UTC,-0.4,-12,L
2014-11-07 14:52:00 UTC,4.1,125,H
2014-11-07 21:23:00 UTC,-0.2,-6,L
2014-11-08 03:15:00 UTC,3.4,104,H
2014-11-08 09:22:00 UTC,-0.3,-9,L
2014-11-08 15:38:00 UTC,4.0,122,H
2014-11-08 22:10:00 UTC,-0.1,-3,L
2014-11-09 04:00:00 UTC,3.3,101,H
2014-11-09 10:07:00 UTC,-0.1,-3,L
2014-11-09 16:23:00 UTC,3.9,119,H
2014-11-09 22:55:00 UTC,0.1,3,L
2014-11-10 04:45:00 UTC,3.2,98,H
2014-11-10 10:52:00 UTC,0.1,3,L
2014-11-10 17:07:00 UTC,3.7,113,H
2014-11-10 23:41:00 UTC,0.3,9,L
2014-11-11 05:30:00 UTC,3.0,91,H
2014-11-11 11:38:00 UTC,0.3,9,L
2014-11-11 17:53:00 UTC,3.4,104,H
2014-11-12 00:28:00 UTC,0.5,15,L
2014-11-12 06:18:00 UTC,2.9,88,H
2014-11-12 12:26:00 UTC,0.6,18,L
2014-11-12 18:40:00 UTC,3.2,98,H
2014-11-13 01:15:00 UTC,0.7,21,L
2014-11-13 07:08:00 UTC,2.8,85,H
2014-11-13 13:18:00 UTC,0.8,24,L
2014-11-13 19:30:00 UTC,3.0,91,H
2014-11-14 02:05:00 UTC,0.8,24,L
2014-11-14 08:02:00 UTC,2.7,82,H
2014-11-14 14:15:00 UTC,0.9,27,L
2014-11-14 20:23:00 UTC,2.9,88,H
2014-11-15 02:56:00 UTC,0.8,24,L
2014-11-15 08:59:00 UTC,2.8,85,H
2014-11-15 15:14:00 UTC,1.0,30,L
2014-11-15 21:18:00 UTC,2.8,85,H
2014-11-16 03:47:00 UTC,0.8,24,L
2014-11-16 09:55:00 UTC,2.8,85,H
2014-11-16 16:13:00 UTC,0.9,27,L
2014-11-16 22:12:00 UTC,2.8,85,H
2014-11-17 04:36:00 UTC,0.6,18,L
2014-11-17 10:47:00 UTC,3.0,91,H
2014-11-17 17:09:00 UTC,0.8,24,L
2014-11-17 23:03:00 UTC,2.8,85,H
2014-11-18 05:23:00 UTC,0.5,15,L
2014-11-18 11:36:00 UTC,3.1,94,H
2014-11-18 18:00:00 UTC,0.6,18,L
2014-11-18 23:51:00 UTC,2.8,85,H
2014-11-19 06:07:00 UTC,0.3,9,L
2014-11-19 12:21:00 UTC,3.3,101,H
2014-11-19 18:47:00 UTC,0.4,12,L
2014-11-20 00:37:00 UTC,2.9,88,H
2014-11-20 06:50:00 UTC,0.2,6,L
2014-11-20 13:04:00 UTC,3.5,107,H
2014-11-20 19:32:00 UTC,0.2,6,L
2014-11-21 01:20:00 UTC,3.0,91,H
2014-11-21 07:32:00 UTC,0.0,0,L
2014-11-21 13:47:00 UTC,3.6,110,H
2014-11-21 20:16:00 UTC,0.0,0,L
2014-11-22 02:03:00 UTC,3.0,91,H
2014-11-22 08:14:00 UTC,-0.1,-3,L
2014-11-22 14:29:00 UTC,3.8,116,H
2014-11-22 21:00:00 UTC,-0.1,-3,L
2014-11-23 02:46:00 UTC,3.1,94,H
2014-11-23 08:57:00 UTC,-0.2,-6,L
2014-11-23 15:13:00 UTC,3.8,116,H
2014-11-23 21:45:00 UTC,-0.2,-6,L
2014-11-24 03:31:00 UTC,3.1,94,H
2014-11-24 09:42:00 UTC,-0.3,-9,L
2014-11-24 15:58:00 UTC,3.8,116,H
2014-11-24 22:31:00 UTC,-0.2,-6,L
2014-11-25 04:17:00 UTC,3.1,94,H
2014-11-25 10:30:00 UTC,-0.2,-6,L
2014-11-25 16:45:00 UTC,3.8,116,H
2014-11-25 23:19:00 UTC,-0.2,-6,L
2014-11-26 05:07:00 UTC,3.1,94,H
2014-11-26 11:21:00 UTC,-0.2,-6,L
2014-11-26 17:36:00 UTC,3.7,113,H
2014-11-27 00:09:00 UTC,-0.2,-6,L
2014-11-27 06:01:00 UTC,3.1,94,H
2014-11-27 12:17:00 UTC,0.0,0,L
2014-11-27 18:30:00 UTC,3.5,107,H
2014-11-28 01:03:00 UTC,-0.1,-3,L
2014-11-28 06:59:00 UTC,3.1,94,H
2014-11-28 13:19:00 UTC,0.1,3,L
2014-11-28 19:29:00 UTC,3.4,104,H
2014-11-29 01:59:00 UTC,-0.1,-3,L
2014-11-29 08:02:00 UTC,3.1,94,H
2014-11-29 14:25:00 UTC,0.2,6,L
2014-11-29 20:31:00 UTC,3.2,98,H
2014-11-30 02:57:00 UTC,-0.1,-3,L
2014-11-30 09:07:00 UTC,3.2,98,H
2014-11-30 15:34:00 UTC,0.2,6,L
2014-11-30 21:35:00 UTC,3.1,94,H
2014-12-01 03:56:00 UTC,-0.2,-6,L
2014-12-01 10:11:00 UTC,3.4,104,H
2014-12-01 16:41:00 UTC,0.1,3,L
2014-12-01 22:38:00 UTC,3.1,94,H
2014-12-02 04:53:00 UTC,-0.3,-9,L
2014-12-02 11:12:00 UTC,3.5,107,H
2014-12-02 17:43:00 UTC,0.0,0,L
2014-12-02 23:37:00 UTC,3.0,91,H
2014-12-03 05:48:00 UTC,-0.4,-12,L
2014-12-03 12:09:00 UTC,3.6,110,H
2014-12-03 18:40:00 UTC,-0.2,-6,L
2014-12-04 00:32:00 UTC,3.1,94,H
2014-12-04 06:40:00 UTC,-0.5,-15,L
2014-12-04 13:01:00 UTC,3.7,113,H
2014-12-04 19:32:00 UTC,-0.3,-9,L
2014-12-05 01:22:00 UTC,3.1,94,H
2014-12-05 07:29:00 UTC,-0.5,-15,L
2014-12-05 13:49:00 UTC,3.8,116,H
2014-12-05 20:20:00 UTC,-0.3,-9,L
2014-12-06 02:10:00 UTC,3.0,91,H
2014-12-06 08:16:00 UTC,-0.5,-15,L
2014-12-06 14:35:00 UTC,3.7,113,H
2014-12-06 21:06:00 UTC,-0.3,-9,L
2014-12-07 02:55:00 UTC,3.0,91,H
2014-12-07 09:00:00 UTC,-0.4,-12,L
2014-12-07 15:18:00 UTC,3.7,113,H
2014-12-07 21:49:00 UTC,-0.3,-9,L
2014-12-08 03:38:00 UTC,3.0,91,H
2014-12-08 09:44:00 UTC,-0.3,-9,L
2014-12-08 16:00:00 UTC,3.5,107,H
2014-12-08 22:31:00 UTC,-0.2,-6,L
2014-12-09 04:20:00 UTC,2.9,88,H
2014-12-09 10:27:00 UTC,-0.2,-6,L
2014-12-09 16:41:00 UTC,3.4,104,H
2014-12-09 23:12:00 UTC,0.0,0,L
2014-12-10 05:02:00 UTC,2.8,85,H
2014-12-10 11:10:00 UTC,0.0,0,L
2014-12-10 17:21:00 UTC,3.2,98,H
2014-12-10 23:53:00 UTC,0.1,3,L
2014-12-11 05:44:00 UTC,2.7,82,H
2014-12-11 11:54:00 UTC,0.2,6,L
2014-12-11 18:01:00 UTC,3.0,91,H
2014-12-12 00:34:00 UTC,0.2,6,L
2014-12-12 06:29:00 UTC,2.6,79,H
2014-12-12 12:40:00 UTC,0.4,12,L
2014-12-12 18:43:00 UTC,2.8,85,H
2014-12-13 01:17:00 UTC,0.3,9,L
2014-12-13 07:16:00 UTC,2.6,79,H
2014-12-13 13:31:00 UTC,0.6,18,L
2014-12-13 19:29:00 UTC,2.6,79,H
2014-12-14 02:02:00 UTC,0.4,12,L
2014-12-14 08:07:00 UTC,2.6,79,H
2014-12-14 14:26:00 UTC,0.7,21,L
2014-12-14 20:19:00 UTC,2.5,76,H
2014-12-15 02:50:00 UTC,0.4,12,L
2014-12-15 09:01:00 UTC,2.6,79,H
2014-12-15 15:24:00 UTC,0.7,21,L
2014-12-15 21:13:00 UTC,2.5,76,H
2014-12-16 03:40:00 UTC,0.3,9,L
2014-12-16 09:56:00 UTC,2.7,82,H
2014-12-16 16:22:00 UTC,0.6,18,L
2014-12-16 22:08:00 UTC,2.4,73,H
2014-12-17 04:31:00 UTC,0.2,6,L
2014-12-17 10:50:00 UTC,2.9,88,H
2014-12-17 17:19:00 UTC,0.5,15,L
2014-12-17 23:03:00 UTC,2.5,76,H
2014-12-18 05:22:00 UTC,0.1,3,L
2014-12-18 11:42:00 UTC,3.1,94,H
2014-12-18 18:12:00 UTC,0.2,6,L
2014-12-18 23:56:00 UTC,2.6,79,H
2014-12-19 06:11:00 UTC,-0.1,-3,L
2014-12-19 12:31:00 UTC,3.3,101,H
2014-12-19 19:03:00 UTC,0.0,0,L
2014-12-20 00:47:00 UTC,2.7,82,H
2014-12-20 07:00:00 UTC,-0.3,-9,L
2014-12-20 13:19:00 UTC,3.5,107,H
2014-12-20 19:51:00 UTC,-0.3,-9,L
2014-12-21 01:36:00 UTC,2.8,85,H
2014-12-21 07:48:00 UTC,-0.5,-15,L
2014-12-21 14:07:00 UTC,3.6,110,H
2014-12-21 20:38:00 UTC,-0.5,-15,L
2014-12-22 02:24:00 UTC,2.9,88,H
2014-12-22 08:37:00 UTC,-0.7,-21,L
2014-12-22 14:54:00 UTC,3.7,113,H
2014-12-22 21:25:00 UTC,-0.6,-18,L
2014-12-23 03:13:00 UTC,3.0,91,H
2014-12-23 09:26:00 UTC,-0.8,-24,L
2014-12-23 15:42:00 UTC,3.8,116,H
2014-12-23 22:13:00 UTC,-0.7,-21,L
2014-12-24 04:03:00 UTC,3.1,94,H
2014-12-24 10:17:00 UTC,-0.8,-24,L
2014-12-24 16:31:00 UTC,3.7,113,H
2014-12-24 23:01:00 UTC,-0.8,-24,L
2014-12-25 04:54:00 UTC,3.2,98,H
2014-12-25 11:11:00 UTC,-0.7,-21,L
2014-12-25 17:22:00 UTC,3.6,110,H
2014-12-25 23:50:00 UTC,-0.8,-24,L
2014-12-26 05:48:00 UTC,3.2,98,H
2014-12-26 12:07:00 UTC,-0.5,-15,L
2014-12-26 18:15:00 UTC,3.4,104,H
2014-12-27 00:41:00 UTC,-0.7,-21,L
2014-12-27 06:44:00 UTC,3.2,98,H
2014-12-27 13:07:00 UTC,-0.3,-9,L
2014-12-27 19:11:00 UTC,3.2,98,H
2014-12-28 01:35:00 UTC,-0.6,-18,L
2014-12-28 07:44:00 UTC,3.2,98,H
2014-12-28 14:11:00 UTC,-0.2,-6,L
2014-12-28 20:11:00 UTC,3.0,91,H
2014-12-29 02:32:00 UTC,-0.5,-15,L
2014-12-29 08:48:00 UTC,3.2,98,H
2014-12-29 15:17:00 UTC,-0.1,-3,L
2014-12-29 21:13:00 UTC,2.8,85,H
2014-12-30 03:30:00 UTC,-0.4,-12,L
2014-12-30 09:52:00 UTC,3.2,98,H
2014-12-30 16:24:00 UTC,0.0,0,L
2014-12-30 22:16:00 UTC,2.7,82,H
2014-12-31 04:29:00 UTC,-0.4,-12,L
2014-12-31 10:55:00 UTC,3.2,98,H
2014-12-31 17:27:00 UTC,-0.1,-3,L
2014-12-31 23:17:00 UTC,2.7,82,H
